1.169000000000955026e+02 1.901000000001089916e+02 2.348000000001191836e+02 2.874000000001310582e+02 0.000000000000000000e+00
1.177000000000954429e+02 1.808000000001068486e+02 2.342000000001190188e+02 2.839000000001302055e+02 0.000000000000000000e+00
1.918000000001093213e+02 0.000000000000000000e+00 0.000000000000000000e+00 0.000000000000000000e+00 0.000000000000000000e+00
1.927000000001095543e+02 0.000000000000000000e+00 0.000000000000000000e+00 0.000000000000000000e+00 0.000000000000000000e+00
1.835000000001074341e+02 0.000000000000000000e+00 0.000000000000000000e+00 0.000000000000000000e+00 0.000000000000000000e+00
1.164000000000955168e+02 0.000000000000000000e+00 0.000000000000000000e+00 0.000000000000000000e+00 0.000000000000000000e+00
1.162000000000955424e+02 1.805000000001068088e+02 0.000000000000000000e+00 0.000000000000000000e+00 0.000000000000000000e+00
1.169000000000955026e+02 0.000000000000000000e+00 0.000000000000000000e+00 0.000000000000000000e+00 0.000000000000000000e+00
1.817000000001070532e+02 0.000000000000000000e+00 0.000000000000000000e+00 0.000000000000000000e+00 0.000000000000000000e+00
2.445000000001213039e+02 0.000000000000000000e+00 0.000000000000000000e+00 0.000000000000000000e+00 0.000000000000000000e+00
1.164000000000955168e+02 0.000000000000000000e+00 0.000000000000000000e+00 0.000000000000000000e+00 0.000000000000000000e+00
1.165000000000955254e+02 0.000000000000000000e+00 0.000000000000000000e+00 0.000000000000000000e+00 0.000000000000000000e+00
1.171000000000954770e+02 0.000000000000000000e+00 0.000000000000000000e+00 0.000000000000000000e+00 0.000000000000000000e+00
1.654000000001033754e+02 2.565000000001240323e+02 2.856000000001305921e+02 0.000000000000000000e+00 0.000000000000000000e+00
1.171000000000954770e+02 2.350000000001191722e+02 2.429000000001209685e+02 2.868000000001308649e+02 0.000000000000000000e+00
1.164000000000955168e+02 0.000000000000000000e+00 0.000000000000000000e+00 0.000000000000000000e+00 0.000000000000000000e+00
1.831000000001073715e+02 0.000000000000000000e+00 0.000000000000000000e+00 0.000000000000000000e+00 0.000000000000000000e+00
1.165000000000955254e+02 0.000000000000000000e+00 0.000000000000000000e+00 0.000000000000000000e+00 0.000000000000000000e+00
1.714000000001046828e+02 1.812000000001068827e+02 0.000000000000000000e+00 0.000000000000000000e+00 0.000000000000000000e+00
1.166000000000955197e+02 0.000000000000000000e+00 0.000000000000000000e+00 0.000000000000000000e+00 0.000000000000000000e+00
1.165000000000955254e+02 0.000000000000000000e+00 0.000000000000000000e+00 0.000000000000000000e+00 0.000000000000000000e+00
1.168000000000955225e+02 2.849000000001304898e+02 0.000000000000000000e+00 0.000000000000000000e+00 0.000000000000000000e+00
1.169000000000955026e+02 0.000000000000000000e+00 0.000000000000000000e+00 0.000000000000000000e+00 0.000000000000000000e+00
1.758000000001057117e+02 0.000000000000000000e+00 0.000000000000000000e+00 0.000000000000000000e+00 0.000000000000000000e+00
1.165000000000955254e+02 0.000000000000000000e+00 0.000000000000000000e+00 0.000000000000000000e+00 0.000000000000000000e+00
1.163000000000955367e+02 2.270000000001172964e+02 0.000000000000000000e+00 0.000000000000000000e+00 0.000000000000000000e+00
1.160000000000955538e+02 2.593000000001247258e+02 2.845000000001303988e+02 0.000000000000000000e+00 0.000000000000000000e+00
1.624000000001026649e+02 1.811000000001068884e+02 0.000000000000000000e+00 0.000000000000000000e+00 0.000000000000000000e+00
2.336000000001188255e+02 2.859000000001307171e+02 0.000000000000000000e+00 0.000000000000000000e+00 0.000000000000000000e+00
2.862000000001307853e+02 0.000000000000000000e+00 0.000000000000000000e+00 0.000000000000000000e+00 0.000000000000000000e+00
2.860000000001307399e+02 0.000000000000000000e+00 0.000000000000000000e+00 0.000000000000000000e+00 0.000000000000000000e+00
2.841000000001303079e+02 0.000000000000000000e+00 0.000000000000000000e+00 0.000000000000000000e+00 0.000000000000000000e+00
1.835000000001074341e+02 2.861000000001308194e+02 0.000000000000000000e+00 0.000000000000000000e+00 0.000000000000000000e+00
2.887000000001312969e+02 0.000000000000000000e+00 0.000000000000000000e+00 0.000000000000000000e+00 0.000000000000000000e+00
2.860000000001307399e+02 0.000000000000000000e+00 0.000000000000000000e+00 0.000000000000000000e+00 0.000000000000000000e+00
2.352000000001191609e+02 2.857000000001306717e+02 0.000000000000000000e+00 0.000000000000000000e+00 0.000000000000000000e+00
1.192000000000953719e+02 0.000000000000000000e+00 0.000000000000000000e+00 0.000000000000000000e+00 0.000000000000000000e+00
2.342000000001190188e+02 2.854000000001306034e+02 0.000000000000000000e+00 0.000000000000000000e+00 0.000000000000000000e+00
1.912000000001091848e+02 2.893000000001314902e+02 0.000000000000000000e+00 0.000000000000000000e+00 0.000000000000000000e+00
1.180000000000954401e+02 1.834000000001074113e+02 1.912000000001091848e+02 0.000000000000000000e+00 0.000000000000000000e+00
1.263000000000949541e+02 1.824000000001071840e+02 2.218000000001161709e+02 2.340000000001189164e+02 2.825000000001299441e+02
1.198000000000953520e+02 2.859000000001307171e+02 0.000000000000000000e+00 0.000000000000000000e+00 0.000000000000000000e+00
1.194000000000953605e+02 1.901000000001089916e+02 2.875000000001311378e+02 0.000000000000000000e+00 0.000000000000000000e+00
1.261000000000949797e+02 1.769000000001059618e+02 2.306000000001181434e+02 2.845000000001303988e+02 0.000000000000000000e+00
1.188000000000954088e+02 0.000000000000000000e+00 0.000000000000000000e+00 0.000000000000000000e+00 0.000000000000000000e+00
1.919000000001093724e+02 2.462000000001216904e+02 2.860000000001307399e+02 0.000000000000000000e+00 0.000000000000000000e+00
2.855000000001306262e+02 0.000000000000000000e+00 0.000000000000000000e+00 0.000000000000000000e+00 0.000000000000000000e+00
1.187000000000954003e+02 1.819000000001070703e+02 2.860000000001307399e+02 0.000000000000000000e+00 0.000000000000000000e+00
1.171000000000954770e+02 1.866000000001081389e+02 2.324000000001185526e+02 2.855000000001306262e+02 0.000000000000000000e+00
1.201000000000953065e+02 0.000000000000000000e+00 0.000000000000000000e+00 0.000000000000000000e+00 0.000000000000000000e+00
1.232000000000951445e+02 1.895000000001088267e+02 2.442000000001212641e+02 2.866000000001308763e+02 0.000000000000000000e+00
1.215000000000952269e+02 1.266000000000949512e+02 1.628000000001027558e+02 2.308000000001182457e+02 2.862000000001307853e+02
1.181000000000954486e+02 2.859000000001307171e+02 0.000000000000000000e+00 0.000000000000000000e+00 0.000000000000000000e+00
1.174000000000954884e+02 1.803000000001067349e+02 0.000000000000000000e+00 0.000000000000000000e+00 0.000000000000000000e+00
1.174000000000954884e+02 2.348000000001191836e+02 2.847000000001304443e+02 0.000000000000000000e+00 0.000000000000000000e+00
1.262000000000949456e+02 1.793000000001065075e+02 2.288000000001177625e+02 2.357000000001193314e+02 2.820000000001298304e+02
1.164000000000955168e+02 1.820000000001071214e+02 2.861000000001308194e+02 0.000000000000000000e+00 0.000000000000000000e+00
1.272000000000949314e+02 1.840000000001076046e+02 2.859000000001307171e+02 0.000000000000000000e+00 0.000000000000000000e+00
2.853000000001306375e+02 0.000000000000000000e+00 0.000000000000000000e+00 0.000000000000000000e+00 0.000000000000000000e+00
2.863000000001308081e+02 0.000000000000000000e+00 0.000000000000000000e+00 0.000000000000000000e+00 0.000000000000000000e+00
2.853000000001306375e+02 0.000000000000000000e+00 0.000000000000000000e+00 0.000000000000000000e+00 0.000000000000000000e+00
1.318000000000957073e+02 1.823000000001071896e+02 0.000000000000000000e+00 0.000000000000000000e+00 0.000000000000000000e+00
1.927000000001095543e+02 0.000000000000000000e+00 0.000000000000000000e+00 0.000000000000000000e+00 0.000000000000000000e+00
2.359000000001193484e+02 0.000000000000000000e+00 0.000000000000000000e+00 0.000000000000000000e+00 0.000000000000000000e+00
2.857000000001306717e+02 0.000000000000000000e+00 0.000000000000000000e+00 0.000000000000000000e+00 0.000000000000000000e+00
1.266000000000949512e+02 1.806000000001068031e+02 2.327000000001186493e+02 2.848000000001305239e+02 0.000000000000000000e+00
2.847000000001304443e+02 0.000000000000000000e+00 0.000000000000000000e+00 0.000000000000000000e+00 0.000000000000000000e+00
1.269000000000949342e+02 1.818000000001070759e+02 2.877000000001311264e+02 0.000000000000000000e+00 0.000000000000000000e+00
1.915000000001092815e+02 0.000000000000000000e+00 0.000000000000000000e+00 0.000000000000000000e+00 0.000000000000000000e+00
1.931000000001096453e+02 0.000000000000000000e+00 0.000000000000000000e+00 0.000000000000000000e+00 0.000000000000000000e+00
