1.874285372198719439e-08
2.835404481557266835e-07
1.873005967271122590e-06
7.759558438258442887e-06
2.362098857072832331e-05
5.780932174825924237e-05
1.203960868136665568e-04
2.215932922733048599e-04
3.699536358627695696e-04
5.707244505299360502e-04
8.246364348911644319e-04
1.127291548051990826e-03
1.469199955352688478e-03
1.836418692886831712e-03
2.211672692812433755e-03
2.575794708290365335e-03
2.909303490217102391e-03
3.193945723940243807e-03
3.414051580146814247e-03
3.557590381148622877e-03
3.616855905443076835e-03
3.588754833850664287e-03
3.474712266788843647e-03
3.280241743120015322e-03
3.014251632902068337e-03
2.688174234825435778e-03
2.315008540652293677e-03
1.908363471295820672e-03
1.481577119068269548e-03
1.046971207172159909e-03
6.152807950949210590e-04
1.952793291463946271e-04
-2.063996841073540041e-04
-5.852593429037894306e-04
-9.387819483915012600e-04
-1.266153603972019863e-03
-1.567911089730778754e-03
-1.845551501333171987e-03
-2.101141949132534232e-03
-2.336960796282196336e-03
-2.555194364029545005e-03
-2.757704649435332046e-03
-2.945875220488236752e-03
-3.120534783234851436e-03
-3.281951492019785557e-03
-3.429886244325729833e-03
-3.563690126507640735e-03
-3.682429844302790960e-03
-3.785025221807434854e-03
-3.870384412392341347e-03
-3.937524994557914729e-03
-3.985672290779194993e-03
-4.014329836915048189e-03
-4.023320585449726393e-03
-4.012800278668478444e-03
-3.983245984462274562e-03
-3.935423691662069158e-03
-3.870339757590688951e-03
-3.789181727422940432e-03
-3.693254310827557250e-03
-3.583916114456436007e-03
-3.462522106122103722e-03
-3.330375659352665784e-03
-3.188692553642514128e-03
-3.038577832221772603e-03
-2.881015163461665002e-03
-2.716867378936006685e-03
-2.546886182224269903e-03
-2.371728626818338150e-03
-2.191977824146970188e-03
-2.008165428133471507e-03
-1.820793706889276518e-03
-1.630355405831816502e-03
-1.437350078625448816e-03
-1.242296063642950006e-03
-1.045737770040217497e-03
-8.482483727404040944e-04
-6.504283729081301434e-04
-4.529007434164221760e-04
-2.563035410200718844e-04
-6.128093123043687473e-05
1.315264514318709166e-04
3.214909801553442713e-04
5.080066693045151051e-04
6.904964636498416887e-04
8.684178734451246211e-04
1.041266830546941444e-03
1.208579805428697685e-03
1.369934358672456921e-03
1.524948397154157580e-03
1.673278462625164137e-03
1.814617400292446031e-03
1.948691741783773086e-03
2.075259097114297811e-03
2.194105791710742118e-03
2.305044915311918290e-03
2.407914877365809059e-03
2.502578495112777260e-03
2.588922581205729823e-03
2.666857951159685644e-03
2.736319739143001223e-03
2.797267894026368544e-03
2.849687725225093574e-03
2.893590377665206104e-03
2.929013134406991889e-03
2.956019470929350038e-03
2.974698813628492283e-03
2.985165983763945000e-03
2.987560334395416087e-03
2.982044609892134726e-03
2.968803574123983491e-03
2.948042463889490733e-03
2.919985328539299874e-03
2.884873315666025909e-03
2.842962957088178769e-03
2.794524500335347425e-03
2.739840319727812265e-03
2.679203429197361472e-03
2.612916107351945759e-03
2.541288634876471761e-03
2.464638135864681383e-03
2.383287508502431561e-03
2.297564426817245813e-03
2.207800393885808732e-03
2.114329827672377544e-03
2.017489163144199453e-03
1.917615957981420437e-03
1.815047993551372439e-03
1.710122367356233658e-03
1.603174577456269179e-03
1.494537603075679448e-03
1.384540988667799614e-03
1.273509942077723917e-03
1.161764461546865856e-03
1.049618508655207356e-03
9.373792425749808387e-04
8.253463256448411930e-04
7.138113020423190666e-04
6.030570422140319083e-04
4.933572390994739841e-04
3.849759396605655776e-04
2.781670964488367186e-04
1.731741279241518546e-04
7.022948180088173752e-05
-3.044579829707203932e-05
-1.286424970914901416e-04
-2.241636327313997605e-04
-3.168248299205082396e-04
-4.064546473635851503e-04
-4.928948465246884691e-04
-5.760005908165339488e-04
-6.556405674994547411e-04
-7.316970283299214280e-04
-8.040657489294646349e-04
-8.726559105544419177e-04
-9.373899111180472804e-04
-9.982031323845373845e-04
-1.055043782591924724e-03
-1.107873098223546588e-03
-1.156666247340135990e-03
-1.201414123984921546e-03
-1.242126023412025437e-03
-1.278832914680737764e-03
-1.311590515679126852e-03
-1.340480971069071955e-03
-1.365612079505846557e-03
-1.387113598808851827e-03
-1.405130819635625741e-03
-1.419816126376736726e-03
-1.431319582805430342e-03
-1.439779684450158198e-03
-1.445315340950725520e-03
-1.448019937876171082e-03
-1.447958031698598448e-03
-1.445164904407578426e-03
-1.439648888962950964e-03
-1.431396106820554716e-03
-1.420377056428968497e-03
-1.406554368189323612e-03
-1.389890998251699147e-03
-1.370358163831581454e-03
-1.347942413525906203e-03
-1.322651360646794972e-03
-1.294517767541838484e-03
-1.263601836280477640e-03
-1.229991719977923791e-03
-1.193802406542672674e-03
-1.155173233710649582e-03
-1.114264365832503623e-03
-1.071252597831427126e-03
-1.026326852240191977e-03
-9.796837061176945534e-04
-9.315232326340078337e-04
-8.820453748705824135e-04
-8.314469947433538854e-04
-7.799196652164447656e-04
-7.276482053435186746e-04
-6.748098999104282496e-04
-6.215743016756708353e-04
-5.681034858789785766e-04
-5.145526137517221228e-04
-4.610706628681833594e-04
-4.078011950029519989e-04
-3.548830537600498620e-04
-3.024509113880608922e-04
-2.506356137058637717e-04
-1.995643010511718410e-04
-1.493603092456327022e-04
-1.001428759865340200e-04
-5.202669374307833036e-05
-5.121359733226355307e-06
4.046922294294563434e-05
8.464744077869287365e-05
1.273225158833781422e-04
1.684109657762761399e-04
2.078369512791386660e-04
2.455324985140052698e-04
2.814375921694875406e-04
3.155001469550910249e-04
3.476758718993031168e-04
3.779280475145520572e-04
4.062272387602720229e-04
4.325509673188426179e-04
4.568833652709548094e-04
4.792148292531120293e-04
4.995416901030875698e-04
5.178659083648093180e-04
5.341948013146351855e-04
5.485408027992950616e-04
5.609212534610718247e-04
5.713582160808228314e-04
5.798783088990575171e-04
5.865125488844348360e-04
5.912961969279963148e-04
5.942685977059986371e-04
5.954730082880727113e-04
5.949564112648722015e-04
5.927693100258241751e-04
5.889655056470005038e-04
5.836018564969596171e-04
5.767380230199357092e-04
5.684362011395984295e-04
5.587608483140442785e-04
5.477784064734313695e-04
5.355570259269387462e-04
5.221662938998524947e-04
5.076769707327496994e-04
4.921607360263270756e-04
4.756899462277547385e-04
4.583374043987196566e-04
4.401761422387706429e-04
4.212792139007495869e-04
4.017195007511758565e-04
3.815695260029166301e-04
3.609012780707867261e-04
3.397860415556622476e-04
3.182942349264267809e-04
2.964952542085598822e-04
2.744573222644877512e-04
2.522473435295448027e-04
2.299307643221298273e-04
2.075714390578879015e-04
1.852315028527970020e-04
1.629712510928433308e-04
1.408490265788603889e-04
1.189211148293279534e-04
9.724164805092067867e-05
7.586251817818135280e-05
5.483329925311388820e-05
3.420117927565988940e-05
1.401090151881008005e-05
-5.695284822846791249e-06
-2.487766488776466329e-05
-4.349908962313303682e-05
-6.152499885452993337e-05
-7.892343635207920132e-05
-9.566505730304554131e-05
-1.117231285898985906e-04
-1.270735222479702463e-04
-1.416947024428370132e-04
-1.555677062698598801e-04
-1.686761186422214634e-04
-1.810060415032015862e-04
-1.925460575751796323e-04
-2.032871888427699469e-04
-2.132228499607915270e-04
-2.223487967792702000e-04
-2.306630701869751389e-04
-2.381659354910323299e-04
-2.448598175702176296e-04
-2.507492320607630559e-04
-2.558407128535926866e-04
-2.601427361992101998e-04
-2.636656417299818207e-04
-2.664215507192421034e-04
-2.684242819028152902e-04
-2.696892651907191419e-04
-2.702334535943923385e-04
-2.700752336879152019e-04
-2.692343349112462283e-04
-2.677317380104229580e-04
-2.655895828950898289e-04
-2.628310761791122175e-04
-2.594803986570146017e-04
-2.555626129575896098e-04
-2.511035716043352869e-04
-2.461298256992133088e-04
-2.406685344349449550e-04
-2.347473756363219546e-04
-2.283944575297052393e-04
-2.216382319360345275e-04
-2.145074090750764503e-04
-2.070308741588504776e-04
-1.992376059414322875e-04
-1.911565973815450531e-04
-1.828167785636641471e-04
-1.742469420129535073e-04
-1.654756705293012426e-04
-1.565312676561406418e-04
-1.474416908903691120e-04
-1.382344877304508531e-04
-1.289367346504296423e-04
-1.195749790781621899e-04
-1.101751844464240711e-04
-1.007626783756942232e-04
-9.136210403740889323e-05
-8.199737473634980105e-05
-7.269163174066796927e-05
-6.346720537800441906e-05
-5.434557940626842925e-05
-4.534735865805843711e-05
-3.649223994838603257e-05
-2.779898622657777383e-05
-1.928540394481641435e-05
-1.096832360787864703e-05
-2.863583461219988040e-06
5.013983732396270435e-06
1.265056088401933314e-05
2.003335379974202895e-05
2.715059550001573609e-05
3.399154771042099676e-05
4.054649960213104246e-05
4.680676386504758904e-05
5.276467020087213322e-05
5.841355632747825062e-05
6.374775658974629589e-05
6.876258827545427259e-05
7.345433573809691556e-05
7.782023243128351328e-05
8.185844096200901475e-05
8.556803127224396795e-05
8.894895706026470083e-05
9.200203055456216718e-05
9.472889575437601990e-05
9.713200025179073954e-05
9.921456575065846822e-05
1.009805573978637445e-04
1.024346520421394951e-04
1.035822055351702352e-04
1.044292191888516249e-04
1.049823055014881127e-04
1.052486532642838058e-04
1.052359921578361311e-04
1.049525569465254322e-04
1.044070513765155687e-04
1.036086118808058173e-04
1.025667711922550416e-04
1.012914219628637691e-04
9.979278048465705633e-05
9.808135060458685148e-05
9.616788792264033704e-05
9.406336435910106085e-05
9.177893317337462037e-05
8.932589451339750623e-05
8.671566157083094000e-05
8.395972741360259234e-05
8.106963256348410235e-05
7.805693338246911975e-05
7.493317132778320067e-05
7.170984313134758992e-05
6.839837195544137339e-05
6.501007957226482268e-05
6.155615961102107374e-05
5.804765191206340291e-05
5.449541802361057173e-05
5.091011787246464953e-05
4.730218763621384668e-05
4.368181884039525997e-05
4.005893870023292946e-05
3.644319172272240449e-05
3.284392258105276971e-05
2.927016026968001024e-05
2.573060354476601670e-05
2.223360765118102952e-05
1.878717233385796708e-05
1.539893112796839329e-05
1.207614191921186709e-05
8.825678762419789406e-06
5.654024943693280320e-06
2.567267268459186118e-06
-4.289084448553143495e-07
-3.329220688442450105e-06
-6.128794431389372049e-06
-8.823162156266584153e-06
-1.140826379587270203e-05
-1.388044560199629693e-05
-1.623645797994968448e-05
-1.847345232437269755e-05
-2.058897689342510770e-05
-2.258097175991064854e-05
-2.444776287920352557e-05
-2.618805531503652813e-05
-2.780092566521860089e-05
-2.928581373023026726e-05
-3.064251346842627468e-05
-3.187116328215360635e-05
-3.297223567962160652e-05
-3.394652635762434624e-05
-3.479514275053519632e-05
-3.551949209102555792e-05
-3.612126902792582020e-05
-3.660244284656001350e-05
-3.696524433654716597e-05
-3.721215235173572829e-05
-3.734588010648239183e-05
-3.736936125181604612e-05
-3.728573577447825667e-05
-3.709833576092205244e-05
-3.681067106761347373e-05
-3.642641493795405238e-05
-3.594938960513220443e-05
-3.538355191917184699e-05
-3.473297903519809182e-05
-3.400185419877662816e-05
-3.319445266286196784e-05
-3.231512776954371577e-05
-3.136829722842655193e-05
-3.035842962201676430e-05
-2.929003116698469583e-05
-2.816763275876221946e-05
-2.699577732530149266e-05
-2.577900751430119131e-05
-2.452185373666806219e-05
-2.322882258730450764e-05
-2.190438566278524841e-05
-2.055296879387761525e-05
-1.917894170919734161e-05
-1.778660814473493744e-05
-1.638019641239309317e-05
-1.496385043905295936e-05
-1.354162128617137891e-05
-1.211745915832029862e-05
-1.069520590755281355e-05
-9.278588039019199595e-06
-7.871210221729489165e-06
-6.476549306961160981e-06
-5.097948855396525572e-06
-3.738614172668327032e-06
-2.401607851721084875e-06
-1.089845819098397709e-06
1.939061190180441552e-07
1.447035236325069430e-06
2.667084357993402947e-06
3.851753851857911924e-06
4.998903147884070511e-06
6.106551795470059932e-06
7.172880069164067724e-06
8.196229134219635214e-06
9.175100784251264622e-06
1.010815676399716786e-05
1.099421769095105720e-05
1.183226159027867214e-05
1.262142205798135104e-05
1.336098606787343923e-05
1.405039143843093378e-05
1.468922397592138142e-05
1.527721431068598113e-05
1.581423444377509088e-05
1.630029402127336870e-05
1.673553635404365910e-05
1.712023420063594426e-05
1.745478533130356093e-05
1.773970789107990199e-05
1.797563557988637921e-05
1.816331266763807301e-05
1.830358886218933729e-05
1.839741404784962239e-05
1.844583291203236134e-05
1.844997947738224686e-05
1.841107155647295985e-05
1.833040514588518268e-05
1.820934877614783286e-05
1.804933783365594025e-05
1.785186887031042240e-05
1.761849391616010735e-05
1.735081480994408323e-05
1.705047756189008242e-05
1.671916676266613241e-05
1.635860005185045733e-05
1.597052265873799318e-05
1.555670202774929244e-05
1.511892254013361714e-05
1.465898034303510456e-05
1.417867829646454031e-05
1.367982104802054901e-05
1.316421024463863192e-05
1.263363989001379828e-05
1.208989185566221021e-05
1.153473155304154133e-05
1.096990377343142164e-05
1.039712870168132004e-05
9.818098109289165917e-06
9.234471731659329920e-06
8.647873833739898612e-06
8.059889967641365973e-06
7.472063925235966761e-06
6.885894888120917861e-06
6.302834776750195031e-06
5.724285799959146469e-06
5.151598205554006233e-06
4.586068232095117541e-06
4.028936261440090169e-06
3.481385171131093516e-06
2.944538885194616679e-06
2.419461121456690708e-06
1.907154332989896984e-06
1.408558840892267189e-06
9.245521551632865506e-07
4.559484800429308541e-07
3.498399802494115991e-09
-4.321112593851771523e-07
-8.502573962023309408e-07
-1.250380434596849792e-06
-1.631983963157106145e-06
-1.994634219040239219e-06
-2.337959422279024379e-06
-2.661648966533273331e-06
-2.965452472545375916e-06
-3.249178710733795032e-06
-3.512694399530599186e-06
-3.755922886193871566e-06
-3.978842716944083730e-06
-4.181486103366038296e-06
-4.363937292101729520e-06
-4.526330844891962802e-06
-4.668849836067996445e-06
-4.791723974614530177e-06
-4.895227657890429838e-06
-4.979677964105449725e-06
-5.045432590580557932e-06
-5.092887744770738560e-06
-5.122475994941602092e-06
-5.134664087329013859e-06
-5.129950736456102709e-06
-5.108864395192334954e-06
-5.071961010995888519e-06
-5.019821774636348103e-06
-4.953050867518352638e-06
-4.872273213555817145e-06
-4.778132241387217301e-06
-4.671287662504105721e-06
-4.552413270666989201e-06
-4.422194767772733714e-06
-4.281327621130640560e-06
-4.130514956850357688e-06
-3.970465493861194081e-06
-3.801891522791622091e-06
-3.625506933739746810e-06
-3.442025296704308426e-06
-3.252157998193742127e-06
-3.056612437296488423e-06
-2.856090284223327408e-06
-2.651285804114514717e-06
-2.442884248610966108e-06
-2.231560317479444250e-06
-2.017976692307370190e-06
-1.802782644030271326e-06
-1.586612715846541502e-06
-1.370085482774056272e-06
-1.153802388923843220e-06
-9.383466632900490156e-07
-7.242823148534221177e-07
-5.121532082424352625e-07
-3.024822215593397446e-07
-9.577048732333638778e-08
1.075032842121087805e-07
3.068834019190568019e-07
5.019377142983233357e-07
6.922580568063160953e-07
8.774606285333891128e-07
1.057186300219504437e-06
1.231100855013586816e-06
1.398895162592769418e-06
1.560285286455742163e-06
1.715012523769494595e-06
1.862843377326478147e-06
2.003569459757580375e-06
2.137007330841368148e-06
2.262998269337011694e-06
2.381407981273016317e-06
2.492126246987537029e-06
2.595066509656880296e-06
2.690165408637116980e-06
2.777382261549738572e-06
2.856698499391538292e-06
2.928117059012240595e-06
2.991661737195718917e-06
3.047376510231554622e-06
3.095324822441628871e-06
3.135588846733439560e-06
3.168268719985277558e-06
3.193481755940043087e-06
3.211361638184888066e-06
3.222057595701679181e-06
3.225733563313859775e-06
3.222567329260294743e-06
3.212749672004281269e-06
3.196483488296193915e-06
3.173982914483428893e-06
3.145472443052843721e-06
3.111186036447668475e-06
3.071366240373831505e-06
3.026263298898205378e-06
2.976134273744554981e-06
2.921242170194133554e-06
2.861855071981419640e-06
2.798245287469104008e-06
2.730688509289204676e-06
2.659462989462506256e-06
2.584848731886406497e-06
2.507126703892710134e-06
2.426578068467368475e-06
2.343483438559804864e-06
2.258122154774723576e-06
2.170771587523541736e-06
2.081706464617274051e-06
1.991198225149397457e-06
1.899514400510441450e-06
1.806918023276186380e-06
1.713667064725150156e-06
1.620013901654488887e-06
1.526204813084491838e-06
1.432479507391464467e-06
1.339070680298531645e-06
1.246203604058718838e-06
1.154095748191050742e-06
1.062956432022372851e-06
9.729865091759405172e-07
8.843780838178430965e-07
7.973142582182700389e-07
7.119689110379061098e-07
6.285065057615336356e-07
5.470819287293867463e-07
4.678403563084481662e-07
3.909171507943819026e-07
3.164377846648174213e-07
2.445177927758170701e-07
1.752627520638106178e-07
1.087682882244212445e-07
4.512010874666408692e-08
-1.560593842323065395e-08
-7.334378141344959079e-08
-1.280370169177999051e-07
-1.796387794161651843e-07
-2.281115880343468543e-07
-2.734271723567089659e-07
-3.155662788256596168e-07
-3.545184594751777502e-07
-3.902818446223897415e-07
-4.228629009322896728e-07
-4.522761760059689049e-07
-4.785440304280942663e-07
-5.016963580324001977e-07
-5.217702950549759895e-07
-5.388099188056236363e-07
-5.528659365242214135e-07
-5.639953651628421265e-07
-5.722612029305284621e-07
-5.777320935548402976e-07
-5.804819843204339050e-07
-5.805897790339138015e-07
-5.781389870696105362e-07
-5.732173694999591644e-07
-5.659165831823395853e-07
-5.563318238830403193e-07
-5.445614699300977980e-07
-5.307067281160889440e-07
-5.148712835224897847e-07
-4.971609546727318897e-07
-4.776833550486751394e-07
-4.565475616498646829e-07
-4.338637909484951386e-07
-4.097430823912045735e-07
-3.842969894471595486e-07
-3.576372781790344862e-07
-3.298756333494807391e-07
-3.011233721669875050e-07
-2.714911659011243607e-07
-2.410887697277676691e-07
-2.100247612894100182e-07
-1.784062885480428126e-07
-1.463388275819515566e-07
-1.139259509849411222e-07
-8.126910749741949182e-08
-4.846741329459117273e-08
-1.561745511029111080e-08
1.718689468379245948e-08
4.985465069147933649e-08
8.229787411206135350e-08
1.144318185964231390e-07
1.461750617469573081e-07
1.774496219726255853e-07
2.081810608016399048e-07
2.382985710870130617e-07
2.677350517876315669e-07
2.964271701684074274e-07
3.243154122978091758e-07
3.513441226996289835e-07
3.774615338843238858e-07
4.026197863434944713e-07
4.267749394228199201e-07
4.498881142588011776e-07
4.719307465400927952e-07
4.928930808785064326e-07
5.127850297250273752e-07
5.316140969874595906e-07
5.493313501899661799e-07
5.657479327401443339e-07
5.804366051926255571e-07
5.926401878654578544e-07
6.012076451671703715e-07
6.045718066591912216e-07
6.007758146894797032e-07
5.875502024156404257e-07
5.624378323726308862e-07
5.229587341687750527e-07
4.668004640757386289e-07
3.920120967523741111e-07
2.971763026506374502e-07
1.815391281442111011e-07
4.508747004401550754e-08
-1.114265615499602862e-07
-2.865090556431182909e-07
-4.779867536519824696e-07
-6.830986284682025124e-07
-8.986069434715327061e-07
-1.120919724546141975e-06
-1.346220490638869860e-06
-1.570605888573186368e-06
-1.790231471409010769e-06
-2.001458626750204239e-06
-2.200988919122378381e-06
-2.385971296735744425e-06
-2.554071366986860648e-06
-2.703497578473830162e-06
-2.832985264976189098e-06
-2.941745430281938285e-06
-3.029389570745312998e-06
-3.095842827270902839e-06
-3.141255892313539813e-06
-3.165924262058866849e-06
-3.170222016276143728e-06
-3.154554342296645353e-06
-3.119329188712172954e-06
-3.064946602967502567e-06
-2.991804262234229483e-06
-2.900316430657358223e-06
-2.790941059438439294e-06
-2.664209442081523526e-06
-2.520755121578496197e-06
-2.361339679808139094e-06
-2.186881033155836586e-06
-1.998516514426285410e-06
-1.797742547754752973e-06
-1.586625454572087310e-06
-1.368017819222562797e-06
-1.145700501981971979e-06
-9.243923490707535938e-07
-7.095996817395071527e-07
-5.073091324322077553e-07
-3.235573472558142516e-07
-1.639325623234060621e-07
-3.307240021133936751e-08
6.577984853496147391e-08
1.311090822120496353e-07
1.633174760793899220e-07
1.647527814842159326e-07
1.395783851279893794e-07
9.350381508491082305e-08
3.340666271837647175e-08
-3.311542443810554931e-08
-9.822106415825236701e-08
-1.542895540290612345e-07
-1.943381587512264471e-07
-2.123646807172112382e-07
-2.035969070729108492e-07
-1.646402021406193430e-07
-9.352373756662529379e-08
1.034613879844544643e-08
1.463106400508544123e-07
3.126424312101984816e-07
5.067676576495631522e-07
7.255050400541302195e-07
9.653026392628205978e-07
1.222455908074672183e-06
1.493294552807066010e-06
1.774330067399790246e-06
2.062360150487803324e-06
2.354530207687201282e-06
2.648355498709455374e-06
2.941710029137526805e-06
3.232789923849203645e-06
3.520059756679402266e-06
3.802190227829645066e-06
4.077994812681506604e-06
4.346371725621789349e-06
4.606255939195553432e-06
4.856584259018792253e-06
5.096274747316220058e-06
5.324220252270345786e-06
5.539294539504205090e-06
5.740368599326621242e-06
5.926334143341404454e-06
6.096131096432751779e-06
6.248775996314242403e-06
6.383388573422065187e-06
6.499214327315491345e-06
6.595641565947971228e-06
6.672212058194185429e-06
6.728625103456302946e-06
6.764735393508158532e-06
6.780545494563757804e-06
6.776194091474172724e-06
6.751941305627906276e-06
6.708152431470980304e-06
6.645281351965323999e-06
6.563854716333124940e-06
6.464457723599014669e-06
6.347722083011560277e-06
6.214316445671172169e-06
6.064939344875126218e-06
5.900314464516791767e-06
5.721187887835655771e-06
5.528326869053273320e-06
5.322519618231022395e-06
5.104575590371356161e-06
4.875325814885182865e-06
4.635622880134222660e-06
4.386340287748542461e-06
4.128371000818152495e-06
3.862625117938950879e-06
3.590026702385963289e-06
3.311509875664922460e-06
3.028014343161341670e-06
2.740480554879012501e-06
2.449844716900871877e-06
2.157033861638949738e-06
1.862961160926745021e-06
1.568521630140919392e-06
1.274588328702197569e-06
9.820091172103318498e-07
6.916039882847546227e-07
4.041629502695512366e-07
1.204444126849721472e-07
-1.588259989664609283e-07
-4.329562833399344885e-07
-7.012886456639151806e-07
-9.631999050706911681e-07
-1.218101798723511184e-06
-1.465441239684975818e-06
-1.704700568324263172e-06
-1.935397819537184016e-06
-2.157087011724849779e-06
-2.369358449581503438e-06
-2.571839022093273553e-06
-2.764192470164303790e-06
-2.946119595004195016e-06
-3.117358378532010809e-06
-3.277683990045237198e-06
-3.426908658569679660e-06
-3.564881396865793263e-06
-3.691487570239127304e-06
-3.806648310395670498e-06
-3.910319780985648864e-06
-4.002492306765630589e-06
-4.083189382200288516e-06
-4.152466577697583132e-06
-4.210410362573456191e-06
-4.257136863406267354e-06
-4.292790574927156876e-06
-4.317543038281286311e-06
-4.331591498712311118e-06
-4.335157551766197502e-06
-4.328485784257095923e-06
-4.311842413706988293e-06
-4.285513927914566992e-06
-4.249805724825366231e-06
-4.205040751981045091e-06
-4.151558144504384387e-06
-4.089711860746716535e-06
-4.019869315277916605e-06
-3.942410009731953287e-06
-3.857724162982933150e-06
-3.766211343120712149e-06
-3.668279104605644335e-06
-3.564341634733484744e-06
-3.454818414085976841e-06
-3.340132895937186904e-06
-3.220711209654003281e-06
-3.096980892957838292e-06
-2.969369657560058442e-06
-2.838304192191410346e-06
-2.704209006451156999e-06
-2.567505318268315900e-06
-2.428609987142420801e-06
-2.287934494738156732e-06
-2.145883973899298541e-06
-2.002856286719714528e-06
-1.859241151985442165e-06
-1.715419322074533096e-06
-1.571761809260974012e-06
-1.428629161303012884e-06
-1.286370786184432732e-06
-1.145324325903380021e-06
-1.005815079237796803e-06
-8.681554734544663719e-07
-7.326445849480080956e-07
-5.995677087891199402e-07
-4.691959771220411530e-07
-3.417860262805379233e-07
-2.175797123835283999e-07
-9.680387504270427214e-08
2.032985133902537344e-08
1.336251793655030229e-07
2.429012643959355626e-07
3.479927552641480412e-07
4.487498011448309452e-07
5.450380158789214230e-07
6.367384011941696432e-07
7.237472303531000467e-07
8.059758938404473712e-07
8.833507087582463245e-07
9.558126936361780796e-07
1.023317310389533846e-06
1.085834175169217523e-06
1.143346739852717339e-06
1.195851945923456832e-06
1.243359852482298314e-06
1.285893240128578631e-06
1.323487192444978839e-06
1.356188656817165048e-06
1.384055986315486968e-06
1.407158464367657134e-06
1.425575813946634482e-06
1.439397692997985048e-06
1.448723177825595286e-06
1.453660236145963593e-06
1.454325191508828996e-06
1.450842180765521121e-06
1.443342606243052699e-06
1.431964584251870618e-06
1.416852391521689845e-06
1.398155911119287079e-06
1.376030079356801183e-06
1.350634335151462164e-06
1.322132073243721234e-06
1.290690102625831218e-06
1.256478111473624046e-06
1.219668139815644541e-06
1.180434061113258844e-06
1.138951073865070824e-06
1.095395204285987646e-06
1.049942821051190548e-06
1.002770163033562232e-06
9.540528809025136729e-07
9.039655933906195822e-07
8.526814589741206897e-07
8.003717636515717855e-07
7.472055254470299476e-07
6.933491161982527936e-07
6.389659011338930561e-07
5.842158966814341034e-07
5.292554468877308819e-07
4.742369187733715016e-07
4.193084168838394788e-07
3.646135172413540775e-07
3.102910208430106545e-07
2.564747267948201529e-07
2.032932251151758492e-07
1.508697091897733149e-07
9.932180780662530232e-08
4.876143664891590047e-08
-7.053309234593649097e-10
-4.897837401903662577e-08
-9.596361554779256987e-08
-1.415730950430910744e-07
-1.857250233162283237e-07
-2.283438193225397983e-07
-2.693601296553477131e-07
-3.087108311152211637e-07
-9.654688552040897344e-08
1.675713659294706056e-06
7.987476822901854785e-06
2.277366054321298885e-05
4.935440781297022417e-05
8.923450736935743094e-05
1.416270798934723084e-04
2.035322480443703917e-04
2.701996953599906633e-04
3.358136193008163769e-04
3.942580691204737001e-04
4.398471780240765920e-04
4.679351912240132388e-04
4.753524341413518949e-04
4.606428375481245899e-04
4.241042829643626791e-04
3.676534435564345407e-04
2.945512248072100579e-04
2.090332223727732063e-04
1.158922075061389885e-04
2.005732853167837139e-05
-7.379143997028096377e-05
-1.615438380165787596e-04
-2.398952325349518579e-04
-3.064886563209669179e-04
-3.599633604357140807e-04
-3.999184089513625490e-04
-4.268060072970692592e-04
-4.417732032272998570e-04
-4.464723260898530405e-04
-4.428602260687282432e-04
-4.330043834686690533e-04
-4.189107112850306430e-04
-4.023838420140171852e-04
-3.849263433967244205e-04
-3.676790747157268114e-04
-3.514011169975073774e-04
-3.364846384604439230e-04
-3.229978528255915567e-04
-3.107479468853704030e-04
-2.993554528403511643e-04
-2.883319231718754934e-04
-2.771537849993773307e-04
-2.653267127388709342e-04
-2.524365684796788380e-04
-2.381847447812994673e-04
-2.224074373954537187e-04
-2.050798464933085465e-04
-1.863074737341305137e-04
-1.663075057251520552e-04
-1.453837638449921002e-04
-1.238989087716554742e-04
-1.022476340453465523e-04
-8.083476751491557434e-05
-6.006323394615729785e-05
-4.034094005754481098e-05
-2.213232479421944400e-05
-6.150587070292431275e-06
6.192252327351529216e-06
1.241057060471660502e-05
9.513824555920343332e-06
-4.296658958497970955e-06
-2.788237874892839432e-05
-5.646526920683055638e-05
-8.221456252451258932e-05
-9.582634564864303582e-05
-8.857267238794765260e-05
-5.438771660999154080e-05
8.052903611488785533e-06
9.340584628653679760e-05
1.886690548491852309e-04
2.738600132105050745e-04
3.242915144196948729e-04
3.138292772505378017e-04
2.185183667170570681e-04
2.017774905102684598e-05
-2.904226775023763902e-04
-7.113549065892074393e-04
-1.228768000900150488e-03
-1.817690407109677411e-03
-2.444464507539835171e-03
-3.070750961709011167e-03
-3.657877262300025800e-03
-4.169917338012340755e-03
-4.575548164094792036e-03
-4.849581370849165990e-03
-4.974316875795383591e-03
-4.940463198926996376e-03
-4.747479718421351684e-03
-4.403302245762893974e-03
-3.923509474700966407e-03
-3.330054505582258177e-03
-2.649690745481659161e-03
-1.912196210966089337e-03
-1.148507389683531537e-03
-3.888351807132747751e-04
3.392601128722892885e-04
1.012703164032782363e-03
1.614029236943448700e-03
2.131038494241236508e-03
2.555112484151394331e-03
2.879635752160575324e-03
3.100065114792561680e-03
3.215620843081254746e-03
3.230994013250429453e-03
3.156693982384320071e-03
3.008024113926959647e-03
2.803158150741693472e-03
2.560508167011149236e-03
2.295701538257518236e-03
2.018841100381261848e-03
1.733085186483273796e-03
1.435634701165349608e-03
1.121048737854498344e-03
7.854802015122806791e-04
4.306406379651238001e-04
6.690751150642722245e-05
-2.854739959707412733e-04
-5.986029389254800617e-04
-8.430569003050674901e-04
-9.962398544669376355e-04
-1.049591839108908117e-03
-1.011678979802764326e-03
-9.058747041607272121e-04
-7.629161241411667321e-04
-6.102136145155322849e-04
-4.615906735706198569e-04
-3.116446340256815925e-04
-1.371530645531224973e-04
9.508493659980601226e-05
4.168907143647536048e-04
8.474083997172818586e-04
1.385075543843618077e-03
2.004890129421868679e-03
2.661186264717519886e-03
3.294973924465951359e-03
3.844887455998792503e-03
4.260844043615198001e-03
4.518711069527615344e-03
4.632482936230565562e-03
4.659092871387555089e-03
4.692475565726510547e-03
4.847536891892164669e-03
5.238161494766417799e-03
5.954619217483234951e-03
7.045322272865857209e-03
8.506625005830780600e-03
1.028229578447963782e-02
1.227158577417986757e-02
1.434260614336284496e-02
1.634697210144158558e-02
1.813265131760986859e-02
1.955450101228546622e-02
2.048411223734590905e-02
2.082025336792430945e-02
2.049931061139981942e-02
1.950347012944209091e-02
1.786379103429482779e-02
1.565616446752405092e-02
1.299051416966928024e-02
9.996335072404017100e-03
6.808442233242955818e-03
3.555308589428853028e-03
3.504706887479079602e-04
-2.713891756011376291e-03
-5.571965250550280080e-03
-8.186555335338767045e-03
-1.054555683967433460e-02
-1.265101225102631920e-02
-1.450327728623481555e-02
-1.608645820849897295e-02
-1.736130135181685602e-02
-1.826822675169449683e-02
-1.873891785197165719e-02
-1.871244588102897316e-02
-1.815165515121728787e-02
-1.705629072239638402e-02
-1.547052359916274364e-02
-1.348373105496897262e-02
-1.122447843146008595e-02
-8.849015349394489041e-03
-6.526054917772377076e-03
-4.418536017688930867e-03
-2.664263555567520855e-03
-1.360710018027863275e-03
-5.582730105308832125e-04
-2.613204649862688883e-04
-4.339633472127853164e-04
-1.008740536604589913e-03
-1.897902394667276213e-03
-3.006322299680574267e-03
-4.242328933454990458e-03
-5.521541657323714158e-03
-6.763611573007546895e-03
-7.888510744960636201e-03
-8.818720344106351430e-03
-9.487979281112828012e-03
-9.852921799772488415e-03
-9.902349852671044408e-03
-9.659952991881116599e-03
-9.179398739082229516e-03
-8.533901728197571673e-03
-7.804129766306061936e-03
-7.068170779383280491e-03
-6.395302440785927134e-03
-5.841725818452886063e-03
-5.444805383160396250e-03
-5.216260478581516771e-03
-5.139231714899244151e-03
-5.172740002280538062e-03
-5.262241311426536436e-03
-5.352099116488455086e-03
-5.396018133759675033e-03
-5.363433594928615836e-03
-5.241579903531042202e-03
-5.033459290698501405e-03
-4.752646044434092817e-03
-4.417707209547550203e-03
-4.049705925682956301e-03
-3.673689690617591708e-03
-3.320758583656268324e-03
-3.026032704477750121e-03
-2.821807719373114424e-03
-2.729822211735952794e-03
-2.757218973709806009e-03
-2.897793381915665396e-03
-3.136392209383510096e-03
-3.453389068524811978e-03
-3.828039329453508839e-03
-4.240359730957593901e-03
-4.671219649937542046e-03
-5.101649486295305007e-03
-5.512429197657711492e-03
-5.883884854032499050e-03
-6.196758602111876110e-03
-6.435558804998468135e-03
-6.593074242798663970e-03
-6.673396385704861988e-03
-6.693408324252685115e-03
-6.683592859306135281e-03
-6.686416122418010338e-03
-6.750237988438958364e-03
-6.920063703490336032e-03
-7.228569778272801033e-03
-7.689871417785945629e-03
-8.296705351443393189e-03
-9.020368214283647212e-03
-9.812846135595142821e-03
-1.061261797870739418e-02
-1.135616437176645982e-02
-1.199335650333698683e-02
-1.250069928873767666e-02
-1.288671109335998849e-02
-1.318665088441788730e-02
-1.344626998279167124e-02
-1.369745216644055463e-02
-1.393253292559980955e-02
-1.408595604946304147e-02
-1.403046072855092946e-02
-1.358977678372314674e-02
-1.256275545554479123e-02
-1.075138002749481680e-02
-7.989056968015634252e-03
-4.168163702686480954e-03
7.374811832227892716e-04
6.662337391545862519e-03
1.345442732111237077e-02
2.089182529615175865e-02
2.870139724875275106e-02
3.657435137530717917e-02
4.418110524579076798e-02
5.119107709421580332e-02
5.729882633965966560e-02
6.225138609138522461e-02
6.586832922030405602e-02
6.805100628969953935e-02
6.878583963586065719e-02
6.814516708725272542e-02
6.627895506337043441e-02
6.339077808699779271e-02
5.970668695768517609e-02
5.545340154821914308e-02
5.085030783480505578e-02
4.610574903493318277e-02
4.140530656195817727e-02
3.689096613003980951e-02
3.265174491602541168e-02
2.874759645636403016e-02
2.525688604452664549e-02
2.231251532410687133e-02
2.009988320940151590e-02
1.881458562101708670e-02
1.859682454590919423e-02
1.946800639083236251e-02
2.128502900992820107e-02
2.372109392796687907e-02
2.631513964991693752e-02
2.862062971637397910e-02
3.037985176705960619e-02
3.161272514088681040e-02
3.259415704711017547e-02
3.376043573170363354e-02
3.558961900575427495e-02
3.849681002058494284e-02
4.277271433069990136e-02
4.856065725253775472e-02
5.585118081059688155e-02
6.448772278991135587e-02
7.418630077941085199e-02
8.456876701611586167e-02
9.519840783911520665e-02
1.055930460152915557e-01
1.152120394685374749e-01
1.234585067536977387e-01
1.297246212085152450e-01
1.334497408896471171e-01
1.341521180374767586e-01
1.314335765103318010e-01
1.249821541293634208e-01
1.145857667435162541e-01
1.001461748596459145e-01
8.168804976673210705e-02
5.937267334347368086e-02
3.351487269480479814e-02
4.589662182198639417e-03
-2.677810139308930970e-02
-5.983802853859163107e-02
-9.374818743972809787e-02
-1.276182971245685693e-01
-1.605610259993543176e-01
-1.917443008146885730e-01
-2.204357140795089598e-01
-2.460343078011167084e-01
-2.680894759764970159e-01
-2.863085620340733994e-01
-3.005543516526986703e-01
-3.108335233412020671e-01
-3.172781694960710164e-01
-3.201227316097371989e-01
-3.196778554802031658e-01
-3.163026734637301995e-01
-3.103776348680431507e-01
-3.022796524017294373e-01
-2.923607811661006473e-01
-2.809319997562067517e-01
-2.682536665137998932e-01
-2.545331078183709073e-01
-2.399285222304257115e-01
-2.245575886902160812e-01
-2.085087135949617310e-01
-1.918527145103730291e-01
-1.746531938414025709e-01
-1.569747139880446340e-01
-1.388885664225239236e-01
-1.204762897716165349e-01
-1.018312086931772165e-01
-8.305822870759074772e-02
-6.427216532257760961e-02
-4.559495895908437235e-02
-2.715204900558092216e-02
-9.068062009819952141e-03
8.538030857428796638e-03
2.555789723983878381e-02
4.189815331851426405e-02
5.748306164782313044e-02
7.225519650453876563e-02
8.617438095579005308e-02
9.921554077915492598e-02
1.113660608479557224e-01
1.226231118839201939e-01
1.329913400307184135e-01
1.424810798708627813e-01
1.511069100110048746e-01
1.588862568022361976e-01
1.658379312454416332e-01
1.719807483405048909e-01
1.773325896422829062e-01
1.819102840138566712e-01
1.857303380799111836e-01
1.888100291588967472e-01
1.911681879004466234e-01
1.928253338674318085e-01
1.938032933356254872e-01
1.941246337998649707e-01
1.938121799092496766e-01
1.928886906748986940e-01
1.913766646678812244e-01
1.892982645568725419e-01
1.866753786942496607e-01
1.835297963578834957e-01
1.798834486018463796e-01
1.757586829402465189e-01
1.711785401915247862e-01
1.661669998694421946e-01
1.607492030800195815e-01
1.549516926264444816e-01
1.488026852210554973e-01
1.423323479768226207e-01
1.355729885067263052e-01
1.285590035172453627e-01
1.213264591284548000e-01
1.139122994409725032e-01
1.063532702049419798e-01
9.868459351097653987e-02
9.093834197998916513e-02
8.314166971188718946e-02
7.531554369312290498e-02
6.747473944099806331e-02
5.962931750878941450e-02
5.178715920984748589e-02
4.395690156637249019e-02
3.615063136286825185e-02
2.838580550734862845e-02
2.068610912176146316e-02
1.308125452427167865e-02
5.605815119801536850e-03
-1.702907295603992704e-03
-8.807864080532447348e-03
-1.567546966771128300e-02
-2.227807085988454255e-02
-2.859506019609195371e-02
-3.461273270617919173e-02
-4.032334284713843392e-02
-4.572376203413522355e-02
-5.081402342496941366e-02
-5.559595485975775409e-02
-6.007201981401646962e-02
-6.424447072392039382e-02
-6.811491685456444456e-02
-7.168431405906044995e-02
-7.495323447790927518e-02
-7.792221268629172248e-02
-8.059207885872464450e-02
-8.296438831780153511e-02
-8.504211514351776857e-02
-8.683057963284744607e-02
-8.833829783602825669e-02
-8.957737034271139043e-02
-9.056319081251727743e-02
-9.131335080899859180e-02
-9.184559781521982325e-02
-9.217502677792023535e-02
-9.231140790837008558e-02
-9.225785828371642350e-02
-9.201140689796155625e-02
-9.156496954848890313e-02
-9.090978093214531486e-02
-9.003754516673531660e-02
-8.894193760805380045e-02
-8.761939371329827142e-02
-8.606937813119291958e-02
-8.429441548475807844e-02
-8.230005486497816991e-02
-8.009484325333569854e-02
-7.769041662963907524e-02
-7.510181193099320363e-02
-7.234791525188509487e-02
-6.945169160283616583e-02
-6.643964681760106128e-02
-6.334004049530569946e-02
-6.017990535610388825e-02
-5.698173577149652502e-02
-5.376110470070185471e-02
-5.052603750331528809e-02
-4.727811065647884864e-02
-4.401466817798540404e-02
-4.073144589489793160e-02
-3.742499132922963434e-02
-3.409444723050777254e-02
-3.074250752637839451e-02
-2.737555409224404906e-02
-2.400313707893566434e-02
-2.063707319158090622e-02
-1.729043884933223474e-02
-1.397664718509880610e-02
-1.070871298474307398e-02
-7.498777566095697969e-03
-4.357939106579580141e-03
-1.296350535163985976e-03
1.676549838795431818e-03
4.551835608835062830e-03
7.321035138245034386e-03
9.976271989333453799e-03
1.251057707480615275e-02
1.491828458804896930e-02
1.719541581814815895e-02
1.933997990255589133e-02
2.135214621015544753e-02
2.323424414139153502e-02
2.499050546264143871e-02
2.662645836834480126e-02
2.814801336693395148e-02
2.956047978575350801e-02
3.086781085983064665e-02
3.207224667520246902e-02
3.317437606858356092e-02
3.417353538038942623e-02
3.506836839078446982e-02
3.585735920377138009e-02
3.653923166660328486e-02
3.694247542755287744e-02
3.634012421957834998e-02
3.357524495071286669e-02
2.796478732998190775e-02
1.989772958563270494e-02
1.060082721725157107e-02
1.650903660100733195e-03
-5.407205919716856490e-03
-9.330063463321179584e-03
-9.336068217639340028e-03
-5.168474069083786593e-03
2.921972841957325151e-03
1.425458212928427254e-02
2.783529453318647068e-02
4.249205249725618999e-02
5.701114457391327772e-02
7.026013130950428676e-02
8.128694776964452695e-02
8.938892103760839869e-02
9.414939775479239104e-02
9.544315711315014272e-02
9.341457860229372689e-02
8.843454826651307721e-02
8.104329860179468326e-02
7.188669907655403923e-02
6.165283794820160257e-02
5.101423325953249877e-02
4.057925469597056106e-02
3.085493703196372228e-02
2.222243386912760299e-02
1.492548900273180795e-02
9.071223335522137637e-03
4.641538961422893295e-03
1.512889685340697288e-03
-5.180441034196500705e-04
-1.705401442705513360e-03
-2.324699889727213295e-03
-2.645728615157382467e-03
-2.910206880742139193e-03
-3.315626615454840206e-03
-4.005434143379415536e-03
-5.064904007398316615e-03
-6.521962684017961268e-03
-8.352379979532182849e-03
-1.048860484324648512e-02
-1.283115544194713548e-02
-1.526141410677981161e-02
-1.765500828892094948e-02
-1.989506349967284926e-02
-2.188408510758556302e-02
-2.355264928028707322e-02
-2.486344310653988351e-02
-2.581054440036283093e-02
-2.641510556694897857e-02
-2.671898658274205265e-02
-2.677761473992004357e-02
-2.665290461456613219e-02
-2.640657253299614690e-02
-2.609386819316756798e-02
-2.575798501883955899e-02
-2.542599153268961659e-02
-2.510728774879413677e-02
-2.479493475502347541e-02
-2.446927529689468805e-02
-2.410293567844204454e-02
-2.366674527125954205e-02
-2.313672252539259247e-02
-2.250194214491064298e-02
-2.177114699224181465e-02
-2.097433299082753638e-02
-2.015715432860358883e-02
-1.936996577722286533e-02
-1.865565453256907286e-02
-1.803973324481447302e-02
-1.752474565657780037e-02
-1.709017547414518404e-02
-1.669761389369642593e-02
-1.629904500107054108e-02
-1.584557071394582933e-02
-1.529482267158653597e-02
-1.461622654610843751e-02
-1.379377379001066155e-02
-1.282638500150756582e-02
-1.172630035615332238e-02
-1.051616300718210238e-02
-9.225594235753829808e-03
-7.887949875090335267e-03
-6.537619481345621070e-03
-5.207921602922977074e-03
-3.929484587112446782e-03
-2.728958520812943198e-03
-1.627944579075089188e-03
-6.421294381538981098e-04
2.193008819986468245e-04
9.538874519501752518e-04
1.565706438047091047e-03
2.064724338202983400e-03
2.465736700352195131e-03
2.786997072593546884e-03
3.048669762639059488e-03
3.271246418075041389e-03
3.474061110559391579e-03
3.674029483563117596e-03
3.884716415398783377e-03
4.115777502887709924e-03
4.372731269916713473e-03
4.656946248888409363e-03
4.965744082577301134e-03
5.292660692794278789e-03
5.628065737020812240e-03
5.960333613338506670e-03
6.277519106533326065e-03
6.569152820756327463e-03
6.827591957146645837e-03
7.048546038821374218e-03
7.230859148633216917e-03
7.375952790615130511e-03
7.487268488094868391e-03
7.569827321521931801e-03
7.629862796129240066e-03
7.674384828404393066e-03
7.710543361205444285e-03
7.744706455802875117e-03
7.781108851686462796e-03
7.820085977353152459e-03
7.856650423893229290e-03
7.880759284796007291e-03
7.879888310868297940e-03
7.842851442263968145e-03
7.762969810815169985e-03
7.639489248969788537e-03
7.477359954706667283e-03
7.285944380649690515e-03
7.077159540826039735e-03
6.863488744352904888e-03
6.656214328474818233e-03
6.464091456079739881e-03
6.292564331956410767e-03
6.143537398883658872e-03
6.015625094801108075e-03
5.904678993223604067e-03
5.804254914319764876e-03
5.705689984779145282e-03
5.597779293899121829e-03
5.466580612931652011e-03
5.296220382198719642e-03
5.071245476935394222e-03
4.780041225748327648e-03
4.417918219440481256e-03
3.988572270981993913e-03
3.503625940420630053e-03
2.980831260768554945e-03
2.441564038869579664e-03
1.907948328320239507e-03
1.400101926703054087e-03
9.342807427713734937e-04
5.222908870010699398e-04
1.716847474668118257e-04
-1.140047875538806321e-04
-3.352149222476718052e-04
-4.962419973106173580e-04
-6.048564636986516032e-04
-6.715185556466492060e-04
-7.079820131632919749e-04
-7.253171085196918845e-04
-7.319666252426377390e-04
-7.325668574162027408e-04
-7.278064837162576996e-04
-7.151643930213081105e-04
-6.902425733450972926e-04
-6.484901684392792819e-04
-5.871061108173470516e-04
-5.067130450960178473e-04
-4.123311122046211842e-04
-3.134074659315541113e-04
-2.229649370060222263e-04
-1.561272679178231718e-04
-1.283375995105875099e-04
-1.535636359989299600e-04
-2.427203916997690628e-04
-4.024605564553265791e-04
-6.343985871239314969e-04
-9.347733003834427998e-04
-1.294584822492184269e-03
-1.700433088459287964e-03
-2.136482101419383620e-03
-2.587748492308676422e-03
-3.044030694520019273e-03
-3.502704398497502938e-03
-3.968283704216762561e-03
-4.447894355396383309e-03
-4.944343521114196414e-03
-5.450459894229470366e-03
-5.947797977893102758e-03
-6.409907457528413004e-03
-6.807973314729197714e-03
-7.116894358490830248e-03
-7.320674057650028085e-03
-7.414599964764065528e-03
-7.401921017471526504e-03
-7.287514658585050355e-03
-7.073729154717257189e-03
-6.760462528208401566e-03
-6.348039597677113295e-03
-5.840773539265665601e-03
-5.249654880451582600e-03
-4.593342087191923211e-03
-3.897411323754749503e-03
-3.192313607851709513e-03
-2.510630073330250966e-03
-1.884318645936940931e-03
-1.342518155620364695e-03
-9.099405682069581884e-04
-6.054759180649511678e-04
-4.407069719661101549e-04
-4.183633888622385714e-04
-5.310771003325803763e-04
-7.609564339042785251e-04
-1.080400273997275413e-03
-1.454286427190352050e-03
-1.843343644327306028e-03
-2.208277370401443701e-03
-2.514034572791207321e-03
-2.733473918549535198e-03
-2.849747511759758833e-03
-2.856800689027766318e-03
-2.757626997879283112e-03
-2.560737346609667613e-03
-2.276404969492999003e-03
-1.914369328918020825e-03
-1.483479016986334002e-03
-9.924585488977457140e-04
-4.507670056483449941e-04
1.309131222247423426e-04
7.406255079000093403e-04
1.365536430499667692e-03
1.992640023705426894e-03
2.609372107111305929e-03
3.203635377551002431e-03
3.762950239307786410e-03
4.273061604448062656e-03
4.717125368647412907e-03
5.076678641450314139e-03
5.334601052280695845e-03
5.479007963513480954e-03
5.506338117442906473e-03
5.422239685045978849e-03
5.240039924470587911e-03
4.977720501688334687e-03
4.654835955459756848e-03
4.290640842593324185e-03
3.903872942438949001e-03
3.513657206279681595e-03
3.140500193297313981e-03
2.806515423172884199e-03
2.534502188473640449e-03
2.345881571089101537e-03
2.257701740423178043e-03
2.279223030543120910e-03
2.409211246697837584e-03
2.635276251554716925e-03
2.935476378108461439e-03
3.280802722506611594e-03
3.636924636795492785e-03
3.965158127870374756e-03
4.224174993714274740e-03
4.373639071199000167e-03
4.379329712193643850e-03
4.218163345164662077e-03
3.881509154379477952e-03
3.376117917556134031e-03
2.723163767303616277e-03
1.956193513238025598e-03
1.118305404648724678e-03
2.589410000074390903e-04
-5.688230071848709556e-04
-1.310000030202592564e-03
-1.909312760048895814e-03
-2.314253249751211522e-03
-2.480306262033511906e-03
-2.377679504596268579e-03
-1.997900779926876490e-03
-1.358546326128790178e-03
-5.050943927603220810e-04
4.907716397525114724e-04
1.537680196765460515e-03
2.536548198023378092e-03
3.395577826004166425e-03
4.043574197969429344e-03
4.438247515111253330e-03
4.568860148282955468e-03
4.453791289042321674e-03
4.133882647449708611e-03
3.662920173425889166e-03
3.097133263706732843e-03
2.485752847867333127e-03
1.864242551368357984e-03
1.251052013071259246e-03
6.480992688626279787e-04
4.460993799116144687e-05
-5.767603834461315637e-04
-1.233297807652202448e-03
-1.937061931542164057e-03
-2.692212916288745650e-03
-3.494373261121288057e-03
-4.330815894476570081e-03
-5.180591919748595009e-03
-6.014598553914116304e-03
-6.796392609316114115e-03
-7.484554183681755603e-03
-8.036568547744107893e-03
-8.413365143675865382e-03
-8.583573683777869986e-03
-8.527046670977735110e-03
-8.237402435747522705e-03
-7.723128149340031771e-03
-7.006870167646086361e-03
-6.122973310250840948e-03
-5.113652516685568243e-03
-4.024663753733582865e-03
-2.901728125424414464e-03
-1.788287695896143611e-03
-7.241521833128488836e-04
2.553363651991071709e-04
1.119234869283882491e-03
1.839994072880505411e-03
2.393151897875870487e-03
2.759496898970241301e-03
2.929167794230956058e-03
2.905698428042250477e-03
2.708717772838031661e-03
2.374718333800409243e-03
1.955254463751773114e-03
1.512367258698976442e-03
1.112127221367252734e-03
8.174070194434846122e-04
6.800092137383920848e-04
7.322987604573352738e-04
9.801794983744641695e-04
1.399342908560277828e-03
1.936030995648567541e-03
2.515847910392713348e-03
3.062209802272380672e-03
3.516469204953096960e-03
3.848823783117228097e-03
4.057308654074719655e-03
4.159295521754138511e-03
4.180194916376774733e-03
4.141882352311316781e-03
4.052789084511018193e-03
3.901850829991762061e-03
3.658240910452668221e-03
3.278071908001016412e-03
2.716975076595613912e-03
1.944111387686173632e-03
9.521445111587787530e-04
-2.395520486708994229e-04
-1.587306160056130809e-03
-3.028498887306889549e-03
-4.488384530088432127e-03
-5.887997563805214170e-03
-7.152156153243683159e-03
-8.215809089856168645e-03
-9.027708716032529015e-03
-9.552053114642647391e-03
-9.769429829722307834e-03
-9.677610498974368453e-03
-9.291844301135304685e-03
-8.644183469844909234e-03
-7.781872073205482049e-03
-6.765341254060541071e-03
-5.665889407443836824e-03
-4.562339253146489339e-03
-3.535144618684897197e-03
-2.654666914928892167e-03
-1.963786093955696005e-03
-1.464303626519871705e-03
-1.116868714615042299e-03
-8.535723126870981437e-04
-5.957330081900046471e-04
-2.706935650376770391e-04
1.755344697054986476e-04
7.711582409835749784e-04
1.517301017370254954e-03
2.391552837410962102e-03
3.354346611206112435e-03
4.355941420913382600e-03
5.342448618681564822e-03
6.260255697506907427e-03
7.058838984136292863e-03
7.692091042267082054e-03
8.118738867228669429e-03
8.303888090341922032e-03
8.223491872417087664e-03
7.870158678479217615e-03
7.256332109893933249e-03
6.411658359340328094e-03
5.374335585482063055e-03
4.180392207153761815e-03
2.857732399661197346e-03
1.431502960667587442e-03
-6.029279218812584606e-05
-1.554359046432701166e-03
-2.965861674542817628e-03
-4.206863511498061710e-03
-5.208965737055050102e-03
-5.940035083184273465e-03
-6.407722867950658638e-03
-6.649442627279305955e-03
-6.715689106779054729e-03
-6.653226958371407339e-03
-6.490705602285232363e-03
-6.228775792642401998e-03
-5.838574824650085218e-03
-5.271372780102721867e-03
-4.477245700366731980e-03
-3.426074295466856150e-03
-2.123647186618520324e-03
-6.187142241909967394e-04
9.994328161367065783e-04
2.610862349647616668e-03
4.079709247151153649e-03
5.271263492274441687e-03
6.068753432983877566e-03
6.387159583157918548e-03
6.182745781422419734e-03
5.457008505416999222e-03
4.252904915927198728e-03
2.644740436607195301e-03
7.283476368349335942e-04
-1.384323370928354242e-03
-3.571372465471058140e-03
-5.714776500944353244e-03
-7.717405972469856476e-03
-9.510714541794428739e-03
-1.104834618498364181e-02
-1.229319731976619666e-02
-1.320895098575266755e-02
-1.376174559284023755e-02
-1.392945788171123106e-02
-1.371203614027280242e-02
-1.313814558747954456e-02
-1.226570117490119460e-02
-1.117380651969256296e-02
-9.945816137682460603e-03
-8.650295982608234915e-03
-7.330161762446054177e-03
-6.002881913778521442e-03
-4.665124959332120347e-03
-3.295729493571715463e-03
-1.857328672997066166e-03
-2.993019412292231146e-04
1.436482753278386926e-03
3.406198740977486872e-03
5.649270814083808684e-03
8.167132445764894305e-03
1.090260713430193928e-02
1.373861170683851607e-02
1.652561355433658855e-02
1.911898537187174674e-02
2.140070431539956367e-02
2.328223095044443247e-02
2.470055716992488118e-02
2.561400125956842661e-02
2.599758182740321763e-02
2.584059138317264942e-02
2.515158392944132418e-02
2.396841222477201147e-02
2.236409061895284697e-02
2.044654841464536507e-02
1.835511544660701697e-02
1.624834868183152106e-02
1.427556616457595698e-02
1.252473993665528806e-02
1.096103344492681611e-02
9.429006706967300866e-03
7.761176185770300023e-03
5.906848739242038376e-03
3.981767011093687372e-03
2.240198427278012987e-03
1.013916381838625511e-03
6.432185960979549394e-04
1.412845894422913150e-03
3.506454880336010681e-03
6.988069569926242883e-03
1.180183864812730035e-02
1.777517370134851574e-02
2.462847079125245198e-02
3.200218306301261251e-02
3.950186309007395341e-02
4.675786022396483110e-02
5.348170087847733262e-02
5.948710236796470041e-02
6.466496137109978282e-02
6.893910225668090086e-02
7.224340625391575954e-02
7.452973285843962625e-02
7.578212839714036642e-02
7.602731741640497698e-02
7.534150189647731422e-02
7.383623814972141430e-02
7.162544357761707614e-02
6.880301425563573048e-02
6.544071564684994513e-02
6.159113624085406358e-02
5.728152268593673935e-02
5.249864760441770584e-02
4.717828416142759440e-02
4.120909535246904121e-02
3.444783762683788220e-02
2.673940695269083623e-02
1.794019729661908147e-02
7.944867841622335614e-03
-3.289115166150019531e-03
-1.572704664857113577e-02
-2.925526564095742854e-02
-4.369047038960525986e-02
-5.879605955869834921e-02
-7.430013830328127677e-02
-8.991231315501285737e-02
-1.053379846197851077e-01
-1.202875284036969139e-01
-1.344804847739414222e-01
-1.476490476468886315e-01
-1.595440040233163104e-01
-1.699430780118671436e-01
-1.786602555383120794e-01
-1.855541516407333558e-01
-1.905334992998982402e-01
-1.935589798732147426e-01
-1.946417540549198189e-01
-1.938391098350544517e-01
-1.912476064177979218e-01
-1.869945955895536693e-01
-1.812291420115622886e-01
-1.741132315687470011e-01
-1.658144334938815023e-01
-1.565008982512249014e-01
-1.463383164068599585e-01
-1.354877477039583833e-01
-1.241037306686104957e-01
-1.123327968914998032e-01
-1.003125644945111472e-01
-8.817130091849724460e-02
-7.602798396714645357e-02
-6.399296345599719826e-02
-5.216818674878651030e-02
-4.064466197605424991e-02
-2.949613502029827666e-02
-1.877151821615282573e-02
-8.490360410710953709e-03
1.356291896122838181e-03
1.080018705587795780e-02
1.988716978650031941e-02
2.866741805203912308e-02
3.718629835011530438e-02
4.547700566907017516e-02
5.355544520883254167e-02
6.141757758165705683e-02
6.903955045319626338e-02
7.638049589757830993e-02
8.338718532458408439e-02
8.999955496036080027e-02
9.615633411633250915e-02
1.018003224380732985e-01
1.068830725632181067e-01
1.113687607565050364e-01
1.152369677932273961e-01
1.184840044035130324e-01
1.211224577116704060e-01
1.231789753292369394e-01
1.246907679396137836e-01
1.257014886635792750e-01
1.262569451107724006e-01
1.264009475740369148e-01
1.261717080913554723e-01
1.255992757205069976e-01
1.247043654905284626e-01
1.234986736991289247e-01
1.219863830625765588e-01
1.201662752184519956e-01
1.180339803716214664e-01
1.155842627171411452e-01
1.128134504276161604e-01
1.097219561881045413e-01
1.063164769739807086e-01
1.026112892641246471e-01
9.862826210551649264e-02
9.439565713990191731e-02
8.994611284173323340e-02
8.531423339479836387e-02
8.053413949217637369e-02
7.563733598371576161e-02
7.065119385593926493e-02
6.559820568407725982e-02
6.049601942489679640e-02
5.535813402715590581e-02
5.019506652257255813e-02
4.501574186590832222e-02
3.982883373457053039e-02
3.464383589505610345e-02
2.947175688974958824e-02
2.432543573222827743e-02
1.921949309634488762e-02
1.416993520418387970e-02
9.193536917641048634e-03
4.307243713500373897e-03
-4.722297169913007575e-04
-5.128626965223734985e-03
-9.646368444185461632e-03
-1.401090135013802890e-02
-1.820917870089041810e-02
-2.223012034754395794e-02
-2.606490602816717572e-02
-2.970709381903019475e-02
-3.315262273476100863e-02
-3.639967455670790886e-02
-3.944833656742301881e-02
-4.230009604166808795e-02
-4.495728634406517821e-02
-4.742259772180088678e-02
-4.969867932390393400e-02
-5.178780400014371121e-02
-5.369160135393456074e-02
-5.541090612242889624e-02
-5.694575035143675801e-02
-5.829548088808211848e-02
-5.945903039087586939e-02
-6.043567717185791000e-02
-6.122695289662702378e-02
-6.183966128586915190e-02
-6.228802173058133052e-02
-6.259212916899481449e-02
-6.277229271575998637e-02
-6.284218646534614483e-02
-6.280432108420173909e-02
-6.264914785286482268e-02
-6.235726160967346166e-02
-6.190376922796209103e-02
-6.126368417479706452e-02
-6.041698575974888130e-02
-5.935230606845775386e-02
-5.806881221001033988e-02
-5.657630264596187619e-02
-5.489381871140078945e-02
-5.304724889116879671e-02
-5.106646285300946164e-02
-4.898245237813807912e-02
-4.682482881432013799e-02
-4.461989467433313122e-02
-4.238940002988979966e-02
-4.015003337952682827e-02
-3.791367045593948409e-02
-3.568832150170874601e-02
-3.347951600867295208e-02
-3.129169127809010298e-02
-2.912923313877184561e-02
-2.699712044856930615e-02
-2.490138211375228505e-02
-2.284949867359296546e-02
-2.085037754004566424e-02
-1.891305556053877318e-02
-1.704362388775592860e-02
-1.524116099503364588e-02
-1.349456390509878867e-02
-1.178181200517003716e-02
-1.007182219372126583e-02
-8.328249775082589498e-03
-6.514744988750946833e-03
-4.601154706142239828e-03
-2.569416418245914178e-03
-4.175207311358508644e-04
1.839243926175947955e-03
4.169454928492159415e-03
6.528550125061823896e-03
8.863306763885156134e-03
1.111747364323822408e-02
1.323798668382976211e-02
1.518099856553627169e-02
1.691682559175582828e-02
1.843277046235862471e-02
1.973293345329256779e-02
2.083495430398700846e-02
2.176478436469323971e-02
2.255117099613369522e-02
2.322122143120264673e-02
2.379777905842681701e-02
2.429873077130902462e-02
2.473770232483097839e-02
2.512521833880331304e-02
2.546956840848418890e-02
2.577704062297249410e-02
2.605162723525661361e-02
2.629468491702655064e-02
2.650495506275772628e-02
2.667877938976819657e-02
2.681008640575789637e-02
2.689017849302605470e-02
2.690785834759825204e-02
2.685033645694020338e-02
2.670480299213589745e-02
2.646015034200529040e-02
2.610844455762206459e-02
2.564609686458669754e-02
2.507473414989057695e-02
2.440153349793071705e-02
2.363880858000780988e-02
2.280291566969838701e-02
2.191270740037119455e-02
2.098774525233281299e-02
2.004641512538424611e-02
1.910412031039199557e-02
1.817184772505766460e-02
1.725540795020511636e-02
1.635547906307674437e-02
1.546839096924190055e-02
1.458744555887071456e-02
1.370443488911064420e-02
1.281091993501715445e-02
1.189890415084919432e-02
1.096085737333247871e-02
9.989475041222358256e-03
8.977839034360933848e-03
7.920567044290996103e-03
6.815941776911450811e-03
5.668145616903461775e-03
4.488371767219842025e-03
3.294184044301116943e-03
2.107487546243526876e-03
9.519066500784482965e-04
-1.498722070161113973e-04
-1.178483157295506616e-03
-2.119701124200623621e-03
-2.965482689737375041e-03
-3.714162582816982628e-03
-4.369839271207581061e-03
-4.941037043929700709e-03
-5.438833862040180246e-03
-5.874815949564163656e-03
-6.259338794863135089e-03
-6.600495810168743351e-03
-6.903926627545720583e-03
-7.173304804908673706e-03
-7.411200991528227311e-03
-7.620013930798068096e-03
-7.802692523467668478e-03
-7.963051407332631670e-03
-8.105638433168027568e-03
-8.235251637220150633e-03
-8.356274124396345995e-03
-8.472019627919260762e-03
-8.584248887224922922e-03
-8.692940541411137839e-03
-8.796328914599905319e-03
-8.891174205526210586e-03
-8.973205297666530036e-03
-9.037661696587673613e-03
-9.079854048183616869e-03
-9.095668030470334051e-03
-9.081942161475656597e-03
-9.036605835357229208e-03
-8.958569305277649941e-03
-8.848347822808740742e-03
-8.710229022667458076e-03
-8.553133329122204406e-03
-8.387054854429705497e-03
-8.218176651489651069e-03
-8.047581206689094491e-03
-7.873346264933106520e-03
-7.692503854415487854e-03
-7.500676685962656860e-03
-7.290363027925949972e-03
-7.050641656884424312e-03
-6.769754213714794348e-03
-6.439212103669123347e-03
-6.057048607178842567e-03
-5.629169872524508213e-03
-5.168963057697147784e-03
-4.695345822100367890e-03
-4.229620900721551072e-03
-3.792142758099666458e-03
-3.399867138417899531e-03
-3.065109350548378409e-03
-2.795033065434460520e-03
-2.591150602391287857e-03
-2.448495835683114474e-03
-2.354754960643529703e-03
-2.290100092428649578e-03
-2.228603508323564238e-03
-2.141691198363885901e-03
-2.003020303755577002e-03
-1.793199622367984934e-03
-1.502880095442972377e-03
-1.133674435241081553e-03
-6.971278831503901346e-04
-2.122674131206563151e-04
2.976048596882793101e-04
8.081876771472516069e-04
1.297004415916954995e-03
1.745491259581326976e-03
2.140252904035934260e-03
2.473520491100020778e-03
2.742945316341744572e-03
2.950910986503090753e-03
3.103547378801421123e-03
3.209612153730430871e-03
3.279385676890878964e-03
3.323702554495312506e-03
3.353198443671487079e-03
3.377720477643451555e-03
3.405614072676665851e-03
3.442480340065418899e-03
3.489335684104897823e-03
3.540845742276458978e-03
3.584857167363885658e-03
3.604253056063919537e-03
3.581203686807604095e-03
3.502644135936516020e-03
3.364996527715478393e-03
3.176370925830686396e-03
2.955654152090697942e-03
2.729156458730937294e-03
2.526027612128842973e-03
2.373575603684359610e-03
2.293362647311120248e-03
2.298590134083477923e-03
2.392872713010739741e-03
2.570296083791069261e-03
2.816682182482507443e-03
3.111933917661654884e-03
3.433058325550104786e-03
3.757231046357203431e-03
4.064271418732475286e-03
4.338021384981235323e-03
4.566305388423145747e-03
4.739618685464828257e-03
4.849352631895892732e-03
4.886622678022098723e-03
4.842377650682904398e-03
4.708821748783562251e-03
4.481612914754211016e-03
4.161974155862554342e-03
3.757953494290838803e-03
3.284467983204125002e-03
2.762060452282838561e-03
2.214461653699766660e-03
1.665413285728524311e-03
1.135685480509323730e-03
6.413167592116202857e-04
1.935342916972923859e-04
-2.001662346468617223e-04
-5.348529436561542429e-04
-8.075785583661811845e-04
-1.017412552208176628e-03
-1.165889534259832803e-03
-1.257629173523653471e-03
-1.300804586538588555e-03
-1.307204293555722444e-03
-1.291780872589751508e-03
-1.271650450387750569e-03
-1.264503496334132802e-03
-1.286470750956100750e-03
-1.349819405450974376e-03
-1.461206188384430935e-03
-1.621178710216148074e-03
-1.825110402983303425e-03
-2.064798619681227840e-03
-2.329246625355012659e-03
-2.604192497061277953e-03
-2.871813614764139738e-03
-3.111951104332847436e-03
-3.304670569308276740e-03
-3.433275612498688008e-03
-3.487077369999211710e-03
-3.463520119546760392e-03
-3.369450381488034267e-03
-3.221099805124776581e-03
-3.042089549808319957e-03
-2.859554181015635035e-03
-2.699822715482799035e-03
-2.585195281924247170e-03
-2.532175014031551753e-03
-2.550613971531983520e-03
-2.643327588306194995e-03
-2.806176447322178066e-03
-3.028821305062822777e-03
-3.296458484197746942e-03
-3.592747948792374395e-03
-3.903237128090577147e-03
-4.216453159831664611e-03
-4.519524362068679316e-03
-4.790722208993498585e-03
-4.996156789552353046e-03
-5.093815877128204071e-03
-5.041908928647276592e-03
-4.807577535612612800e-03
-4.373567728596520869e-03
-3.741422056407340060e-03
-2.930466469353114160e-03
-1.972936333571961506e-03
-9.068753757754894132e-04
2.309670722052601082e-04
1.410304586519156404e-03
2.609226932221949020e-03
3.812520357520999149e-03
5.007247845578071364e-03
6.177160825973989841e-03
7.297789707619934708e-03
8.334017297330180429e-03
9.240984218868434491e-03
9.967559135145576121e-03
1.046099879737979674e-02
1.067223573366941902e-02
1.056177143950874121e-02
1.010560627349401351e-02
9.299905949101971298e-03
8.163141914180343031e-03
6.735276700328389141e-03
5.074274852756580773e-03
3.250735798926433946e-03
1.342241736238296984e-03
-5.713229638484042770e-04
-2.411835455339986396e-03
-4.106613165905232538e-03
-5.590408094656435303e-03
-6.805406938153676227e-03
-7.701795463476326757e-03
-8.241336300659906841e-03
-8.402460437228882056e-03
-8.182636399170566469e-03
-7.596081971269518993e-03
-6.669299046008143536e-03
-5.438529854204655033e-03
-3.951529102538719335e-03
-2.272953393411735780e-03
-4.897257188224818890e-04
1.287906650654317871e-03
2.931293429079025528e-03
4.302876282355250041e-03
5.268683920047959393e-03
5.714137740125390004e-03
5.562927229691692378e-03
4.794517938900092098e-03
3.453123930313321821e-03
1.643723885354398881e-03
-4.837941886246897166e-04
-2.757287924277079545e-03
-5.005121781120121238e-03
-7.073041587101100772e-03
-8.832406899358951138e-03
-1.018129965494339942e-02
-1.104287719529862405e-02
-1.136531958498605832e-02
-1.112505685792714895e-02
-1.033102104285052447e-02
-9.026017521537046950e-03
-7.284360121855782549e-03
-5.207457440999284370e-03
-2.917047309322217015e-03
-5.448698421112244117e-04
1.779283853124466030e-03
3.937742173632263233e-03
5.832158601642157582e-03
7.387709387423438065e-03
8.553536481145804227e-03
9.299357461466428720e-03
9.609722387938154919e-03
9.478314585987166613e-03
8.905568655161830161e-03
7.902176115493266331e-03
6.498548497099345886e-03
4.758985946243612410e-03
2.795606234936035862e-03
7.717016978570877261e-04
-1.112330929862781308e-03
-2.647287585605847572e-03
-3.648097522614638516e-03
-3.980871116807681125e-03
-3.577526604900441078e-03
-2.438223111072326029e-03
-6.251159584881728175e-04
1.750068428023411875e-03
4.541640560281756320e-03
7.583875608728059617e-03
1.070004713394338836e-02
1.370758009353070100e-02
1.642468292580884226e-02
1.868433847488351965e-02
2.035299573265220152e-02
2.134274254249384634e-02
2.161026649454409268e-02
2.114767207445377231e-02
1.997485043657631562e-02
1.813779972204515589e-02
1.571179584426678558e-02
1.280616853961023122e-02
9.564295645077734720e-03
6.153408580011026155e-03
2.746708293696826023e-03
-4.947841353607033976e-04
-3.435846057763808706e-03
-5.974971467215099002e-03
-8.046074108170564801e-03
-9.614567085234953722e-03
-1.067115023594563360e-02
-1.122714501429587265e-02
-1.131225809430483863e-02
-1.097279958641397130e-02
-1.026848501620377350e-02
-9.268694921588884264e-03
-8.050991194875522367e-03
-6.701889364680052585e-03
-5.316799881480213999e-03
-3.998218711609258930e-03
-2.853457824562186107e-03
-1.991478621138862218e-03
-1.516431760789809999e-03
-1.517846869354379929e-03
-2.062917142182960767e-03
-3.194018770926149164e-03
-4.925513307828045459e-03
-7.236368325622237474e-03
-1.006533502460541483e-02
-1.331409351919585551e-02
-1.685574180902117691e-02
-2.054465188446629592e-02
-2.422674533009411615e-02
-2.775004048761967740e-02
-3.097446418276423794e-02
-3.377957677022371680e-02
-3.606879160555544195e-02
-3.776972406580326319e-02
-3.883222297877585161e-02
-3.922620691393020886e-02
-3.894147094877452309e-02
-3.799142107112777472e-02
-3.641862789341832746e-02
-3.429490551569330803e-02
-3.171117060689747358e-02
-2.876116685485585051e-02
-2.552739526382435606e-02
-2.207254997258611615e-02
-1.843347584923596058e-02
-1.461810609004594516e-02
-1.061172190894392464e-02
-6.393981009419295175e-03
-1.960615653860717927e-03
2.656659373736755536e-03
7.376009499038545941e-03
1.205997686226705293e-02
1.652154832579780241e-02
2.054275599666845198e-02
2.390205686616088052e-02
2.640425869453189023e-02
2.790805590262360192e-02
2.834891972610845134e-02
2.775564186592597779e-02
2.625483867081535028e-02
2.405783340707190118e-02
2.143528212709679137e-02
1.869122970479033044e-02
1.613828649816212782e-02
1.406642153178296051e-02
1.270093456078441249e-02
1.214846839569745304e-02
1.236242251687154001e-02
1.319783298591395426e-02
1.454474787581542389e-02
1.642774044274594031e-02
1.901101002755642422e-02
2.253325853462044212e-02
2.721853635483124922e-02
3.320384835834810922e-02
4.049677059490119913e-02
4.895635378567674001e-02
5.829378016818977104e-02
6.809717478896665233e-02
7.788207714724701414e-02
8.715266846414973512e-02
9.544956684522444557e-02
1.023806246583661428e-01
1.076560795365017753e-01
1.111303702342667094e-01
1.128231919974573005e-01
1.129007536570704462e-01
1.116175676824188723e-01
1.092361832749839112e-01
1.059630038115628309e-01
1.019310349519010200e-01
9.721855907506272987e-02
9.186848000297034855e-02
8.589623190590989221e-02
7.929898148772922262e-02
7.206883154227043675e-02
6.420248023080510347e-02
5.570787279284905580e-02
4.660782850770084362e-02
3.693514397804292804e-02
2.671987604686558437e-02
1.597557130767174316e-02
4.691656063622678952e-03
-7.162168395307560997e-03
-1.962074174689271144e-02
-3.270707571737480057e-02
-4.642057865623436252e-02
-6.072542708544587109e-02
-7.553671199622330468e-02
-9.071025478045874335e-02
-1.060416998572368819e-01
-1.212761370293001517e-01
-1.361265864172530038e-01
-1.502958934995594353e-01
-1.634937126728938650e-01
-1.754445930975669088e-01
-1.858926868405843258e-01
-1.946100137023784871e-01
-2.014073714407660642e-01
-2.061440498140771072e-01
-2.087358177408457915e-01
-2.091613954215687521e-01
-2.074660743766844895e-01
-2.037608332965539504e-01
-1.982162301509728108e-01
-1.910513772318236936e-01
-1.825183900272501492e-01
-1.728827622301873923e-01
-1.624027564710354421e-01
-1.513158851732464560e-01
-1.398398371794748740e-01
-1.281807798541338694e-01
-1.165299641020587640e-01
-1.050441997987899417e-01
-9.382731269167640664e-02
-8.292612044093378154e-02
-7.234009549123956995e-02
-6.203851599225762570e-02
-5.197706889152024778e-02
-4.210710666049634343e-02
-3.237767426836966195e-02
-2.273560325612292154e-02
-1.312823753584413389e-02
-3.509758211240540660e-03
6.151271277424638639e-03
1.586647571970994930e-02
2.562558670115984427e-02
3.539591019979150543e-02
4.512114828109325959e-02
5.472011839374529840e-02
6.408817946176648128e-02
7.310367835087136501e-02
8.163928703312145485e-02
8.957532394401124254e-02
9.681114251539973958e-02
1.032723256793171840e-01
1.089138987907344314e-01
1.137209987675742440e-01
1.177080227257392142e-01
1.209160873423443805e-01
1.234081247840216333e-01
1.252617125678248122e-01
1.265608042121308396e-01
1.273878346540524009e-01
1.278172126898882710e-01
1.279106517046986746e-01
1.277145684244206103e-01
1.272595988472871864e-01
1.265618007288797642e-01
1.256246771273584473e-01
1.244413009041239471e-01
1.229964366949370946e-01
1.212689168509566706e-01
1.192344370848030660e-01
1.168688343827414544e-01
1.141516862739450217e-01
1.110696268876565085e-01
1.076186952169749800e-01
1.038054364668493379e-01
9.964685419321929472e-02
9.516946695444573889e-02
9.040780343125499885e-02
8.540273799329081705e-02
8.020003767763722591e-02
7.484923851747712908e-02
6.940249030243302031e-02
6.391262724893312375e-02
5.842992045168178550e-02
5.299767253822054019e-02
4.764740834851673157e-02
4.239458786543750385e-02
3.723603275013104286e-02
3.215095378841043017e-02
2.710718151993602582e-02
2.207172436011967803e-02
1.702203287823047390e-02
1.195408248630608003e-02
6.885394573981944849e-03
1.853194175158027687e-03
-3.090972500862088773e-03
-7.888362696633947901e-03
-1.248027665026159305e-02
-1.681452232476865483e-02
-2.085081629977918530e-02
-2.456486937039573104e-02
-2.795064261502015757e-02
-3.102028055940592166e-02
-3.380182101760149938e-02
-3.633542484377712267e-02
-3.866887691576125635e-02
-4.085267639872362799e-02
-4.293489314152722919e-02
-4.495626763641701745e-02
-4.694625580762507022e-02
-4.892054956907915253e-02
-5.088024626366200592e-02
-5.281257147366137661e-02
-5.469290554149353056e-02
-5.648774225759853329e-02
-5.815816574920523729e-02
-5.966351210447154441e-02
-6.096496400053132148e-02
-6.202884342220255087e-02
-6.282937739798027943e-02
-6.335072935326005461e-02
-6.358810708266610101e-02
-6.354780315383928846e-02
-6.324611860476908598e-02
-6.270726720917743635e-02
-6.196052595795123463e-02
-6.103703478179847708e-02
-5.996671059112265723e-02
-5.877575267413225751e-02
-5.748521293191928561e-02
-5.611097497310985061e-02
-5.466508762155968676e-02
-5.315786204740906296e-02
-5.159984833993588177e-02
-5.000292905083528888e-02
-4.837999678445728535e-02
-4.674275234883309288e-02
-4.509758977611053737e-02
-4.344092451066012411e-02
-4.175666069843748246e-02
-4.001789076526637151e-02
-3.819239564376285950e-02
-3.624944323108479638e-02
-3.416557199041373588e-02
-3.192846542415341687e-02
-2.953881823907733573e-02
-2.701026492622348590e-02
-2.436768938998647507e-02
-2.164445388247599605e-02
-1.887907976136499189e-02
-1.611184490347888562e-02
-1.338169988797198798e-02
-1.072375203992996517e-02
-8.167384427983799197e-03
-5.735002981913655748e-03
-3.441395244210538815e-03
-1.293656329646367294e-03
7.083880374789503984e-04
2.571329518744375816e-03
4.306954704041739829e-03
5.930730195282115508e-03
7.460120247231070457e-03
8.912899808112394878e-03
1.030564166449340208e-02
1.165250790618304472e-02
1.296433400464721934e-02
1.424791450655052416e-02
1.550553128219537419e-02
1.673494188179048409e-02
1.792997721878079875e-02
1.908159524704718460e-02
2.017902155500303496e-02
2.121068772309920789e-02
2.216492483926817483e-02
2.303055348121231874e-02
2.379755576119431046e-02
2.445793122423300242e-02
2.500663145907895332e-02
2.544226472318711005e-02
2.576727731813090519e-02
2.598756991076121500e-02
2.611178053289539558e-02
2.615055681533049250e-02
2.611600605772424616e-02
2.602125678434047754e-02
2.587985412136537336e-02
2.570472042449256991e-02
2.550669328416883819e-02
2.529294405720480809e-02
2.506558091045425762e-02
2.482056955771479861e-02
2.454718924605952049e-02
2.422863131568588416e-02
2.384424452306625752e-02
2.337283070658839959e-02
2.279544882830143032e-02
2.209680288770784345e-02
2.126594065502310921e-02
2.029784524084574104e-02
1.919671177604498347e-02
1.797995519459124475e-02
1.668049115185211984e-02
1.534486135734358658e-02
1.402688804904939079e-02
1.277908148009383044e-02
1.164473234388989191e-02
1.065260376263115275e-02
9.814805127412081984e-03
9.127445463003905704e-03
8.573205159769168790e-03
8.124948297820473037e-03
7.749644024201052597e-03
7.412034793268974450e-03
7.077794099705107984e-03
6.716345799179350602e-03
6.303535062469605744e-03
5.823855604310977305e-03
5.271703992801727960e-03
4.651383677252316114e-03
3.975809952988166966e-03
3.263825625143590252e-03
2.536053620709809858e-03
1.809772318297733947e-03
1.094182127690224247e-03
3.877248635404009595e-04
-3.214151433184667117e-04
-1.051327629277972950e-03
-1.819766102492408229e-03
-2.637249037932275740e-03
-3.502732871652854650e-03
-4.403293311978539321e-03
-5.317042181151369201e-03
-6.217478924040759081e-03
-7.077918774299240059e-03
-7.875272304228613657e-03
-8.592664217394702791e-03
-9.220600129496899985e-03
-9.756734380727064004e-03
-1.020455176639871279e-02
-1.057146596131333140e-02
-1.086694746383705910e-02
-1.110116973793439342e-02
-1.128430617328758656e-02
-1.142625035252003464e-02
-1.153639048580196863e-02
-1.162317315606895690e-02
-1.169341119914922567e-02
-1.175147099777038538e-02
-1.179851197444532242e-02
-1.183193517549136105e-02
-1.184536697543604744e-02
-1.182982186334099149e-02
-1.177678806685559902e-02
-1.168351794562930319e-02
-1.155937839276323549e-02
-1.142982289639727332e-02
-1.133345608060963745e-02
-1.131049118970716555e-02
-1.138666475110547936e-02
-1.156010324938551090e-02
-1.179639007821842341e-02
-1.203230846295982349e-02
-1.218630717289867320e-02
-1.217354196077602597e-02
-1.192253127285589943e-02
-1.138936750843843292e-02
-1.056621606308027692e-02
-9.482976361763723744e-03
-8.202536803861723569e-03
-6.810784668667749925e-03
-5.403174387185480029e-03
-4.070518066271009913e-03
-2.887214899912363304e-03
-1.904331971161551777e-03
-1.147768342550584651e-03
-6.198187910213602374e-04
-3.022478507643125770e-04
-1.599412696458926697e-04
-1.449357367582517452e-04
-2.009669932598453709e-04
-2.689463645288428170e-04
-2.934995354301767750e-04
-2.296665628207375043e-04
-4.810126624120263355e-05
2.624587871233474310e-04
6.956192933502565977e-04
1.230136232848895277e-03
1.834338168489056935e-03
2.471278423840621817e-03
3.103773438145027846e-03
3.698698426545900860e-03
4.230133839105566784e-03
4.681135802118318277e-03
5.044109765724039476e-03
5.319952115081711709e-03
5.516067562819857925e-03
5.642926855209647388e-03
5.708790008290553185e-03
5.714037718332377891e-03
5.649013184057069537e-03
5.498350635561308382e-03
5.249998589382944003e-03
4.903678520803338679e-03
4.474957265946664757e-03
3.994600932547318073e-03
3.504362039428307422e-03
3.050379451131443598e-03
2.675809039473463040e-03
2.414583060070569706e-03
2.287568323263816997e-03
2.301360687116124973e-03
2.449110397299726974e-03
2.712458052010422067e-03
3.064004483516687138e-03
3.470294340474263869e-03
3.895241436825388169e-03
4.303158749632574401e-03
4.660216195795170019e-03
4.934299201873495848e-03
5.095128402086089234e-03
5.116999539114481035e-03
4.984585430634960561e-03
4.699307760974670220e-03
4.282299127628154400e-03
3.771290941756285861e-03
3.211911198487728443e-03
2.647388481436811943e-03
2.112387166180885751e-03
1.632871841917916608e-03
1.228468438228236606e-03
9.145430818004274091e-04
7.040137844949081319e-04
6.083142355394989195e-04
6.363623741753765724e-04
7.917769724876907479e-04
1.070037773268881030e-03
1.456631812754820808e-03
1.925470546414581857e-03
2.438710289602394332e-03
2.951227720754681476e-03
3.418846266526596490e-03
3.805517895033809668e-03
4.086889340250797822e-03
4.250684995815790304e-03
4.294573837290154190e-03
4.221804980029284296e-03
4.036040860849871709e-03
3.738163411765063095e-03
3.327069255567055572e-03
2.803534216218378592e-03
2.173917494686439418e-03
1.451955534233168553e-03
6.593548770349412155e-04
-1.745579659388415972e-04
-1.015094775158318849e-03
-1.826945386205669833e-03
-2.579373826836150151e-03
-3.247218737663790360e-03
-3.806832248802747513e-03
-4.232859431168285377e-03
-4.500405229766687304e-03
-4.590927606835217348e-03
-4.498220613129455016e-03
-4.232105433688709839e-03
-3.818727711126826754e-03
-3.297410949225157428e-03
-2.714962880379045724e-03
-2.119018202538514029e-03
-1.552037147381579198e-03
-1.046938179856361003e-03
-6.246040611121404795e-04
-2.933366092593555838e-04
-5.071356270333572322e-05
1.118114476845520448e-04
2.021614969468276193e-04
2.200535626287712654e-04
1.508033242696832886e-04
-3.471670890975919396e-05
-3.693931386186308750e-04
-8.723771903588295289e-04
-1.536776243534728956e-03
-2.330154075773724180e-03
-3.204778822522505108e-03
-4.110035804655760155e-03
-5.002067776371132979e-03
-5.849510846353347254e-03
-6.635652353322824687e-03
-7.357341230210387092e-03
-8.020851236271095419e-03
-8.635230630581580691e-03
-9.204996872031957073e-03
-9.725199530967293046e-03
-1.018106619487886902e-02
-1.055133924763109084e-02
-1.081178858275742317e-02
-1.093653310583322588e-02
-1.089703583853275821e-02
-1.065956412340694250e-02
