-3.229714916486159382e+00
-1.268305961970384033e+00
-8.654039146250624981e-01
-6.655988957930958350e-01
-5.445322855507583881e-01
-4.632761850416500238e-01
-4.050564649830334929e-01
-3.613320388367924352e-01
-3.272781172015015727e-01
-2.999710604584038265e-01
-2.775470887144138032e-01
-2.587702431327443264e-01
-2.427934387341679212e-01
-2.290189775209228173e-01
-2.170137937497429448e-01
-2.064563335636648844e-01
-1.971023898207135971e-01
-1.887626276513287849e-01
-1.812874882674009314e-01
-1.745568428944466177e-01
-1.684727614900793924e-01
-1.629543603371530480e-01
-1.579340628623526754e-01
-1.533548367461889939e-01
-1.491681168076297581e-01
-1.453322196766748675e-01
-1.418111158486112799e-01
-1.385734659336890218e-01
-1.355918551340096201e-01
-1.328421782545774477e-01
-1.303031411168831255e-01
-1.279558528310076326e-01
-1.257834895639575734e-01
-1.237710151954729554e-01
-1.219049476418376798e-01
-1.201731622018087364e-01
-1.185647249400290093e-01
-1.170697507433260398e-01
-1.156792818946428270e-01
-1.143851836062026450e-01
-1.131800537322646960e-01
-1.120571443550488766e-01
-1.110102934390511109e-01
-1.100338650061871704e-01
-1.091226965044711505e-01
-1.082720524408387064e-01
-1.074775834013053100e-01
-1.067352896924944616e-01
-1.060414890005745292e-01
-1.053927875346971632e-01
-1.047860542371381598e-01
-1.042183976537103263e-01
-1.036871451347565198e-01
-1.031898241151907314e-01
-1.027241452590033077e-01
-1.022879872152770986e-01
-1.018793828336583829e-01
-1.014965066644890612e-01
-1.011376636085969949e-01
-1.008012785973733116e-01
-1.004858872036606954e-01
-1.001901270768712493e-01
-9.991273010712120595e-02
-9.965251527432883449e-02
-9.940838211974778460e-02
-9.917930475182856753e-02
-9.896432635514429421e-02
-9.876255414980050773e-02
-9.857315475585437525e-02
-9.839534993147935893e-02
-9.822841265076931450e-02
-9.807166348991813720e-02
-9.792446728482673279e-02
-9.778623006297948450e-02
-9.765639619416788264e-02
-9.753444576432457325e-02
-9.741989213694068894e-02
-9.731227970348754752e-02
-9.721118179015775240e-02
-9.711619873513654966e-02
-9.702695608240219372e-02
-9.694310292189811662e-02
-9.686431033770759313e-02
-9.679026997275741451e-02
-9.672069268447103241e-02
-9.665530730700311324e-02
-9.659385948310728054e-02
-9.653611058979549853e-02
-9.648183672794630183e-02
-9.643082778723055526e-02
-9.638288656788063236e-02
-9.633782796214518385e-02
-9.629547819685058130e-02
-9.625567411433166853e-02
-9.621826251162701737e-02
-9.618309951804349112e-02
-9.615005000966903026e-02
-9.611898707220234428e-02
-9.608979148367779999e-02
-9.606235124834938688e-02
-9.603656114052228077e-02
-9.601232229528022799e-02
-9.598954181768704075e-02
-9.596813240762003261e-02
-9.594801203007818913e-02
-9.592910358264816750e-02
-9.591133460133960398e-02
-9.589463697352584859e-02
-9.587894667788532388e-02
-9.586420353002722550e-02
-9.585035095796001769e-02
-9.583733577613884336e-02
-9.582510797940813063e-02
-9.581362055968156710e-02
-9.580282931835881755e-02
-9.579269269579526735e-02
-9.578317161640370614e-02
-9.577422933944035321e-02
-9.576583131405413951e-02
-9.575794505138901513e-02
-9.575053999810734240e-02
-9.574358742696631452e-02
-9.573706031602569055e-02
-9.573093325627723971e-02
-9.572518235216875837e-02
-9.571978513065459993e-02
-9.571472045308837551e-02
-9.570996844132650949e-02
-9.570551039814745309e-02
-9.570132874046066718e-02
-9.569740692825234873e-02
-9.569372940632092650e-02
-9.569028154317038570e-02
-9.568704957700902014e-02
-9.568402056316926974e-02
-9.568118232579081450e-02
-9.567852341376692493e-02
-9.567603305669081237e-02
-9.567370112080197941e-02
-9.567151807630125404e-02
-9.566947495898148190e-02
-9.566756333754256048e-02
-9.566577528090647320e-02
-9.566410332979558007e-02
-9.566254046546873724e-02
-9.566108008982610045e-02
-9.565971599272415915e-02
-9.565844233634379634e-02
-9.565725362818966460e-02
-9.565614470119498947e-02
-9.565511069666854382e-02
-9.565414704297836579e-02
-9.565324944418307496e-02
-9.565241385729450485e-02
-9.565163647664576274e-02
-9.565091372820688775e-02
-9.565024224684748333e-02
-9.564961887065237534e-02
-9.564904062386858641e-02
-9.564850470979990860e-02
-9.564800849517496317e-02
-9.564754950730502969e-02
-9.564712541987319128e-02
-9.564673404440782178e-02
-9.564637332317715845e-02
-9.564604132208387455e-02
-9.564573622213856652e-02
-9.564545631519649760e-02
-9.564519999116782856e-02
-9.564496574085978864e-02
-9.564475214318690632e-02
-9.564455786232883838e-02
-9.564438164204602799e-02
-9.564422230567970473e-02
-9.564407874051994440e-02
-9.564394990775326733e-02
-9.564383482683069815e-02
-9.564373257830993680e-02
-9.564364229817101659e-02
-9.564356317355304782e-02
-9.564349444133313227e-02
-9.564343538670527778e-02
-9.564338533465388537e-02
-9.564334365705917662e-02
-9.564330975706525351e-02
-9.564328307902769666e-02
-9.564326309998705256e-02
-9.564324932966883352e-02
-9.564324130764134679e-02
-9.564323860189460902e-02
-9.564324080741926082e-02
-9.564324754336439582e-02
-9.564325845303756068e-02
-9.564327320390475506e-02
-9.564329148190608976e-02
-9.564331299429795763e-02
-9.564333746396869174e-02
-9.564336463512290720e-02
-9.564339426617607387e-02
-9.564342613117560177e-02
-9.564346001837975564e-02
-9.564349573167874041e-02
-9.564353308491035932e-02
-9.564357190612327031e-02
-9.564361203331372963e-02
-9.564365331726776276e-02
-9.564369561445573709e-02
-9.564373879555887470e-02
-9.564378273694273958e-02
-9.564382732492049399e-02
-9.564387245291072759e-02
-9.564391802285854283e-02
-9.564396394097229859e-02
-9.564401012198686658e-02
-9.564405648774254587e-02
-9.564410296434289194e-02
-9.564414948073363121e-02
-9.564419597580808841e-02
-9.564424239130175920e-02
-9.564428867037122473e-02
-9.564433476469957895e-02
-9.564438062881208680e-02
-9.564442622007618411e-02
-9.564447149728039221e-02
-9.564451642631865980e-02
-9.564456097450602101e-02
-9.564460511199968096e-02
-9.564464881037793020e-02
-9.564469204690340121e-02
-9.564473479741764095e-02
-9.564477704202545283e-02
-9.564481876367381119e-02
-9.564485994388860490e-02
-9.564490056988006472e-02
-9.564494062885842141e-02
-9.564498010945499118e-02
-9.564501900030109027e-02
-9.564505729571237680e-02
-9.564509498716233793e-02
-9.564513206754554631e-02
-9.564516853401983099e-02
-9.564520438232193555e-02
-9.564523960960968907e-02
-9.564527421446200606e-02
-9.564530819403671558e-02
-9.564534154833381763e-02
-9.564537428019548315e-02
-9.564540638820062668e-02
-9.564543787519141915e-02
-9.564546874258894604e-02
-9.564549899465646376e-02
-9.564552863281505779e-02
-9.564555766132798453e-02
-9.564558608587958588e-02
-9.564561390931203277e-02
-9.564564113588858163e-02
-9.564566777271465980e-02
-9.564569382547460918e-02
-9.564571929701060071e-02
-9.564574419584914722e-02
-9.564576852767459059e-02
-9.564579229959235818e-02
-9.564581551586570640e-02
-9.564583818502114809e-02
-9.564586031274302513e-02
-9.564588190755785035e-02
-9.564590297514996564e-02
-9.564592352262479835e-02
-9.564594355850886132e-02
-9.564596308990758189e-02
-9.564598212250530196e-02
-9.564600066482853435e-02
-9.564601872540379190e-02
-9.564603630991541650e-02
-9.564605342688992096e-02
-9.564607008343273264e-02
-9.564608628522819345e-02
-9.564610204364498713e-02
-9.564611736294637012e-02
-9.564613225165885524e-02
-9.564614671688786984e-02
-9.564616076573884129e-02
-9.564617440673828241e-02
-9.564618764557053510e-02
-9.564620049076211217e-02
-9.564621294799735551e-02
-9.564622502580277796e-02
-9.564623673128380688e-02
-9.564624807012478414e-02
-9.564625904943113710e-02
-9.564626967772937860e-02
-9.564627995928276505e-02
-9.564628990403889475e-02
-9.564629951483993864e-02
-9.564630880163349502e-02
-9.564631776868282032e-02
-9.564632642309334187e-02
-9.564633477054940158e-02
-9.564634281815642680e-02
-9.564635057301984489e-02
-9.564635803940291225e-02
-9.564636522441105626e-02
-9.564637213372861879e-02
-9.564637877303994173e-02
-9.564638514660828150e-02
-9.564639126296015093e-02
-9.564639712635880642e-02
-9.564640274248858987e-02
-9.564640811703384315e-02
-9.564641325425782270e-02
-9.564641815984487039e-02
-9.564642283947932810e-02
-9.564642729884553773e-02
-9.564643154078567022e-02
-9.564643557240515293e-02
-9.564643939796724226e-02
-9.564644302173519463e-02
-9.564644644797226647e-02
-9.564644968378388512e-02
-9.564645273059113606e-02
-9.564645559549944664e-02
-9.564645827992990235e-02
-9.564646079240901599e-02
-9.564646313293678759e-02
-9.564646530719755901e-02
-9.564646732087567216e-02
-9.564646917539221249e-02
-9.564647087643152190e-02
-9.564647242825685680e-02
-9.564647383371038813e-02
-9.564647509563428684e-02
-9.564647621971289482e-02
-9.564647720736729752e-02
-9.564647806428183685e-02
-9.564647879187759827e-02
-9.564647939583892366e-02
-9.564647987758689851e-02
-9.564648024138477922e-02
-9.564648049007473674e-02
-9.564648062792002747e-02
-9.564648065634173690e-02
-9.564648057818203597e-02
-9.564648039770418109e-02
-9.564648011775034320e-02
-9.564647974116269324e-02
-9.564647926936231670e-02
-9.564647870661246998e-02
-9.564647805433423855e-02
-9.564647731679087883e-02
-9.564647649540347629e-02
-9.564647559301420188e-02
-9.564647461246522653e-02
-9.564647355517763572e-02
-9.564647242399360039e-02
-9.564647122175529148e-02
-9.564646994988379447e-02
-9.564646861122128030e-02
-9.564646720718883444e-02
-9.564646574062862783e-02
-9.564646421438283141e-02
-9.564646262987253067e-02
-9.564646098709772559e-02
-9.564645929174275807e-02
-9.564645754238654263e-02
-9.564645574187125021e-02
-9.564645389303905176e-02
-9.564645199731103276e-02
-9.564645005610827866e-02
-9.564644807085187495e-02
-9.564644604438399256e-02
-9.564644397670463150e-02
-9.564644186923487723e-02
-9.564643972623798618e-02
-9.564643754629287287e-02
-9.564643533366279371e-02
-9.564643308692666324e-02
-9.564643080892665239e-02
-9.564642850108384664e-02
-9.564642616481933146e-02
-9.564642380155419232e-02
-9.564642141270951470e-02
-9.564641899828529858e-02
-9.564641656112371493e-02
-9.564641409980367825e-02
-9.564641162000953045e-02
-9.564640911889910058e-02
-9.564640659789347410e-02
-9.564640406125590744e-02
-9.564640150614422964e-02
-9.564639893682169713e-02
-9.564639635186722444e-02
-9.564639375412298250e-02
-9.564639114216788585e-02
-9.564638852026519089e-02
-9.564638588699381216e-02
-9.564638324235374967e-02
-9.564638059060825981e-02
-9.564637792891517165e-02
-9.564637526153774161e-02
-9.564637258705488421e-02
-9.564636990546659945e-02
-9.564636721961505827e-02
-9.564636452950026069e-02
-9.564636183654329216e-02
-9.564635913932306721e-02
-9.564635644068175679e-02
-9.564635374061936091e-02
-9.564635103913587955e-02
-9.564634833765239819e-02
-9.564634563616891683e-02
-9.564634293468543547e-02
-9.564634023604412505e-02
-9.564633753882390010e-02
-9.564633484444584610e-02
-9.564633215290996304e-02
-9.564632946563733640e-02
-9.564632678120688070e-02
-9.564632410246076688e-02
-9.564632142797790948e-02
-9.564631875917939396e-02
-9.564631609606522034e-02
-9.564631344005647406e-02
-9.564631078973206968e-02
-9.564630814793417812e-02
-9.564630551182062845e-02
-9.564630288565467708e-02
-9.564630026659415307e-02
-9.564629765606014189e-02
-9.564629505405264354e-02
-9.564629246199274348e-02
-9.564628987845935626e-02
-9.564628730629465281e-02
-9.564628474265646219e-02
-9.564628219038695534e-02
-9.564627964948613226e-02
-9.564627711853290748e-02
-9.564627459894836647e-02
-9.564627209073250924e-02
-9.564626959388533578e-02
-9.564626710982793156e-02
-9.564626463713921112e-02
-9.564626217724025992e-02
-9.564625973013107796e-02
-9.564625729439057977e-02
-9.564625487286093630e-02
-9.564625246269997660e-02
-9.564625006817095709e-02
-9.564624768501062135e-02
-9.564624531606114033e-02
-9.564624295990142855e-02
-9.564624061937365695e-02
-9.564623829163565460e-02
-9.564623597810850697e-02
-9.564623367737112858e-02
-9.564623139226569037e-02
-9.564622912137110688e-02
-9.564622686468737811e-02
-9.564622462363558952e-02
-9.564622239537357018e-02
-9.564622018274349102e-02
-9.564621798574535205e-02
-9.564621580153698233e-02
-9.564621363438163826e-02
-9.564621148001606343e-02
-9.564620934270351427e-02
-9.564620721960181982e-02
-9.564620511071098008e-02
-9.564620301887316600e-02
-9.564620094124620664e-02
-9.564619887783010199e-02
-9.564619683146702300e-02
-9.564619479931479873e-02
-9.564619278137342917e-02
-9.564619078048508527e-02
-9.564618879380759608e-02
-9.564618682418313256e-02
-9.564618486734843827e-02
-9.564618292756676965e-02
-9.564618100341704121e-02
-9.564617909347816749e-02
-9.564617719917123395e-02
-9.564617531907515513e-02
-9.564617345603210197e-02
-9.564617160719990352e-02
-9.564616977399964526e-02
-9.564616795643132718e-02
-9.564616615307386382e-02
-9.564616436534834065e-02
-9.564616259183367220e-02
-9.564616083537202940e-02
-9.564615909170015584e-02
-9.564615736508130794e-02
-9.564615565267331476e-02
-9.564615395447617630e-02
-9.564615227191097802e-02
-9.564615060355663445e-02
-9.564614895083423107e-02
-9.564614731232268241e-02
-9.564614568802198846e-02
-9.564614407935323470e-02
-9.564614248489533566e-02
-9.564614090464829133e-02
-9.564613933861210171e-02
-9.564613778820785228e-02
-9.564613625059337210e-02
-9.564613472861083210e-02
-9.564613321941806134e-02
-9.564613172585723078e-02
-9.564613024508616945e-02
-9.564612877994704832e-02
-9.564612732759769642e-02
-9.564612588945919924e-02
-9.564612446553155678e-02
-9.564612305439368356e-02
-9.564612165746666506e-02
-9.564612027332941580e-02
-9.564611890340302125e-02
-9.564611754768748142e-02
-9.564611620476171083e-02
-9.564611487462570949e-02
-9.564611355870056286e-02
-9.564611225414410001e-02
-9.564611096379849187e-02
-9.564610968766373844e-02
-9.564610842289766879e-02
-9.564610717092136838e-02
-9.564610593173483721e-02
-9.564610470533807529e-02
-9.564610349173108261e-02
-9.564610229091385918e-02
-9.564610110288640499e-02
-9.564609992622763457e-02
-9.564609876235863339e-02
-9.564609760985831599e-02
-9.564609647014776783e-02
-9.564609534322698892e-02
-9.564609422625380830e-02
-9.564609312349148240e-02
-9.564609203067675480e-02
-9.564609095065179645e-02
-9.564608988057443639e-02
-9.564608882328684558e-02
-9.564608777736793854e-02
-9.564608674281771528e-02
-9.564608571963617578e-02
-9.564608470782332006e-02
-9.564608370595806264e-02
-9.564608271688257446e-02
-9.564608173775468458e-02
-9.564608076857439301e-02
-9.564607981076278520e-02
-9.564607886431986117e-02
-9.564607792782453544e-02
-9.564607700269789348e-02
-9.564607608751884982e-02
-9.564607518228740446e-02
-9.564607428700355740e-02
-9.564607340308839412e-02
-9.564607252769974366e-02
-9.564607166367977698e-02
-9.564607080960740859e-02
-9.564606996406155304e-02
-9.564606912988438125e-02
-9.564606830423372230e-02
-9.564606748853066165e-02
-9.564606668277519930e-02
-9.564606588696733525e-02
-9.564606509968598402e-02
-9.564606432093114563e-02
-9.564606355212390554e-02
-9.564606279326426375e-02
-9.564606204293113478e-02
-9.564606130112451865e-02
-9.564606056784441535e-02
-9.564605984451191034e-02
-9.564605912970591817e-02
-9.564605842200535335e-02
-9.564605772425238683e-02
-9.564605703502593315e-02
-9.564605635432599229e-02
-9.564605568215256426e-02
-9.564605501708456359e-02
-9.564605436196416122e-02
-9.564605371394918620e-02
-9.564605307303963855e-02
-9.564605244207768919e-02
-9.564605181822116720e-02
-9.564605120147007256e-02
-9.564605059324549075e-02
-9.564604999212633629e-02
-9.564604939953369467e-02
-9.564604881404648040e-02
-9.564604823566469349e-02
-9.564604766580941941e-02
-9.564604710163848722e-02
-9.564604654599406786e-02
-9.564604599745507585e-02
-9.564604545602151120e-02
-9.564604492169337391e-02
-9.564604439304957850e-02
-9.564604387293229593e-02
-9.564604335992044071e-02
-9.564604285259292737e-02
-9.564604235237084140e-02
-9.564604185783309731e-02
-9.564604137182186605e-02
-9.564604089149497668e-02
-9.564604041685242919e-02
-9.564603994931530906e-02
-9.564603948888361629e-02
-9.564603903413626540e-02
-9.564603858507325640e-02
-9.564603814311567476e-02
-9.564603770684243500e-02
-9.564603727625353713e-02
-9.564603685134898114e-02
-9.564603643354985252e-02
-9.564603602001398031e-02
-9.564603561358353545e-02
-9.564603521283743248e-02
-9.564603481777567140e-02
-9.564603442697716673e-02
-9.564603404328408942e-02
-9.564603366527535400e-02
-9.564603329152987499e-02
-9.564603292346873786e-02
-9.564603256109194263e-02
-9.564603220439948927e-02
-9.564603185339137781e-02
-9.564603150664652276e-02
-9.564603116416492412e-02
-9.564603082878875284e-02
-9.564603049625475251e-02
-9.564603017082617953e-02
-9.564602984823977749e-02
-9.564602953275880282e-02
-9.564602922011999908e-02
-9.564602891316553723e-02
-9.564602861047433180e-02
-9.564602831346746825e-02
-9.564602802072386112e-02
-9.564602773224351040e-02
-9.564602744802641610e-02
-9.564602716807257821e-02
-9.564602689380308220e-02
-9.564602662237575714e-02
-9.564602635663277397e-02
-9.564602609515304721e-02
-9.564602583651549139e-02
-9.564602558356227746e-02
-9.564602533345123447e-02
-9.564602508902453337e-02
-9.564602484744000321e-02
-9.564602461011872947e-02
-9.564602437706071214e-02
-9.564602414826595123e-02
-9.564602392231336125e-02
-9.564602370062402770e-02
-9.564602348319795055e-02
-9.564602327003512983e-02
-9.564602305971448004e-02
-9.564602285223600120e-02
-9.564602265044186424e-02
-9.564602245148989823e-02
-9.564602225538010316e-02
-9.564602206353356451e-02
-9.564602187452919679e-02
-9.564602168978808550e-02
-9.564602150788914514e-02
-9.564602132883237573e-02
-9.564602115403886273e-02
-9.564602098208752068e-02
-9.564602081439943504e-02
-9.564602064813243487e-02
-9.564602048612869112e-02
-9.564602032838820378e-02
-9.564602017206880191e-02
-9.564602002001265646e-02
-9.564601986937759648e-02
-9.564601972300579291e-02
-9.564601957947616029e-02
-9.564601943878869861e-02
-9.564601930094340787e-02
-9.564601916594028808e-02
-9.564601903520042470e-02
-9.564601890588164679e-02
-9.564601877940503982e-02
-9.564601865577060380e-02
-9.564601853497833872e-02
-9.564601841702824458e-02
-9.564601830049923592e-02
-9.564601818823348367e-02
-9.564601807738881689e-02
-9.564601797080740653e-02
-9.564601786564708163e-02
-9.564601776332892769e-02
-9.564601766243185921e-02
-9.564601756579804714e-02
-9.564601747058532055e-02
-9.564601737679367943e-02
-9.564601728726529473e-02
-9.564601719915799549e-02
-9.564601711389286720e-02
-9.564601703004882438e-02
-9.564601694904695250e-02
-9.564601686946616610e-02
-9.564601679272755064e-02
-9.564601671883110612e-02
-9.564601664635574707e-02
-9.564601657672255897e-02
-9.564601650851045633e-02
-9.564601644314052464e-02
-9.564601637919167842e-02
-9.564601631666391768e-02
-9.564601625697832787e-02
-9.564601620013490901e-02
-9.564601614329149015e-02
-9.564601609071132771e-02
-9.564601603813116526e-02
-9.564601598839317376e-02
-9.564601594007626773e-02
-9.564601589460153264e-02
-9.564601584912679755e-02
-9.564601580791531887e-02
-9.564601576670384020e-02
-9.564601572691344700e-02
-9.564601568996522474e-02
-9.564601565443808795e-02
-9.564601562175312210e-02
-9.564601558906815626e-02
-9.564601555922536136e-02
-9.564601553080365193e-02
-9.564601550380302797e-02
-9.564601547822348948e-02
-9.564601545406503647e-02
-9.564601543132766892e-02
-9.564601541143247232e-02
-9.564601539153727572e-02
-9.564601537448425006e-02
-9.564601535885230987e-02
-9.564601534464145516e-02
-9.564601533043060044e-02
-9.564601531906191667e-02
-9.564601530911431837e-02
-9.564601530058780554e-02
-9.564601529348237818e-02
-9.564601528637695083e-02
-9.564601528211369441e-02
-9.564601527927152347e-02
-9.564601527785043800e-02
-9.564601527642935253e-02
-9.564601527785043800e-02
-9.564601527927152347e-02
-9.564601528211369441e-02
-9.564601528779803630e-02
-9.564601529348237818e-02
-9.564601530058780554e-02
-9.564601530769323290e-02
-9.564601531764083120e-02
-9.564601532900951497e-02
-9.564601534037819874e-02
-9.564601535316796799e-02
-9.564601536737882270e-02
-9.564601538301076289e-02
-9.564601539864270308e-02
-9.564601541711681421e-02
-9.564601543559092534e-02
-9.564601545548612194e-02
-9.564601547538131854e-02
-9.564601549669760061e-02
-9.564601551943496816e-02
-9.564601554359342117e-02
-9.564601556917295966e-02
-9.564601559475249815e-02
-9.564601562175312210e-02
-9.564601564875374606e-02
-9.564601567859654097e-02
-9.564601570843933587e-02
-9.564601573828213077e-02
-9.564601576954601114e-02
-9.564601580223097699e-02
-9.564601583633702830e-02
-9.564601587044307962e-02
-9.564601590597021641e-02
-9.564601594149735320e-02
-9.564601597844557546e-02
-9.564601601681488319e-02
-9.564601605518419092e-02
-9.564601609497458412e-02
-9.564601613476497732e-02
-9.564601617597645600e-02
-9.564601621860902014e-02
-9.564601626124158429e-02
-9.564601630529523391e-02
-9.564601634934888352e-02
-9.564601639340253314e-02
-9.564601644029835370e-02
-9.564601648577308879e-02
-9.564601653408999482e-02
-9.564601658240690085e-02
-9.564601663072380688e-02
-9.564601668046179839e-02
-9.564601673019978989e-02
-9.564601678135886687e-02
-9.564601683251794384e-02
-9.564601688509810629e-02
-9.564601693767826873e-02
-9.564601699167951665e-02
-9.564601704568076457e-02
-9.564601709968201249e-02
-9.564601715510434587e-02
-9.564601721194776474e-02
-9.564601726879118360e-02
-9.564601732563460246e-02
-9.564601738389910679e-02
-9.564601744216361112e-02
-9.564601750184920093e-02
-9.564601756153479073e-02
-9.564601762122038053e-02
-9.564601768232705581e-02
-9.564601774343373108e-02
-9.564601780596149183e-02
-9.564601786848925258e-02
-9.564601793101701332e-02
-9.564601799496585954e-02
-9.564601805891470576e-02
-9.564601812286355198e-02
-9.564601818823348367e-02
-9.564601825360341536e-02
-9.564601832039443252e-02
-9.564601838718544968e-02
-9.564601845397646684e-02
-9.564601852218856948e-02
-9.564601859040067211e-02
-9.564601865861277474e-02
-9.564601872682487738e-02
-9.564601879645806548e-02
-9.564601886609125359e-02
-9.564601893714552716e-02
-9.564601900819980074e-02
-9.564601907925407431e-02
-9.564601915030834789e-02
-9.564601922278370694e-02
-9.564601929525906598e-02
-9.564601936773442503e-02
-9.564601944163086955e-02
-9.564601951552731407e-02
-9.564601958942375859e-02
-9.564601966332020311e-02
-9.564601973863773310e-02
-9.564601981395526309e-02
-9.564601988927279308e-02
-9.564601996601140854e-02
-9.564602004275002400e-02
-9.564602011948863947e-02
-9.564602019622725493e-02
-9.564602027438695586e-02
-9.564602035112557132e-02
-9.564602042928527226e-02
-9.564602050886605866e-02
-9.564602058702575960e-02
-9.564602066660654600e-02
-9.564602074618733241e-02
-9.564602082576811881e-02
-9.564602090534890522e-02
-9.564602098635077709e-02
-9.564602106735264897e-02
-9.564602114835452085e-02
-9.564602122935639272e-02
-9.564602131177935007e-02
-9.564602139278122195e-02
-9.564602147520417930e-02
-9.564602155762713664e-02
-9.564602164147117946e-02
-9.564602172389413681e-02
-9.564602180773817963e-02
-9.564602189158222245e-02
-9.564602197542626527e-02
-9.564602205927030809e-02
-9.564602214453543638e-02
-9.564602222837947920e-02
-9.564602231364460749e-02
-9.564602239890973578e-02
-9.564602248417486408e-02
-9.564602256943999237e-02
-9.564602265612620613e-02
-9.564602274281241989e-02
-9.564602282949863366e-02
-9.564602291618484742e-02
-9.564602300287106118e-02
-9.564602308955727494e-02
-9.564602317766457418e-02
-9.564602326435078794e-02
-9.564602335245808717e-02
-9.564602344056538641e-02
-9.564602352867268564e-02
-9.564602361677998488e-02
-9.564602370630836958e-02
-9.564602379441566882e-02
-9.564602388394405352e-02
-9.564602397347243823e-02
-9.564602406300082293e-02
-9.564602415252920764e-02
-9.564602424205759235e-02
-9.564602433158597705e-02
-9.564602442253544723e-02
-9.564602451348491741e-02
-9.564602460301330211e-02
-9.564602469396277229e-02
-9.564602478491224247e-02
-9.564602487586171264e-02
-9.564602496823226829e-02
-9.564602505918173847e-02
-9.564602515013120865e-02
-9.564602524250176430e-02
-9.564602533487231995e-02
-9.564602542724287559e-02
-9.564602551819234577e-02
-9.564602561198398689e-02
-9.564602570435454254e-02
-9.564602579672509819e-02
-9.564602588909565384e-02
-9.564602598288729496e-02
-9.564602607525785061e-02
-9.564602616904949173e-02
-9.564602626284113285e-02
-9.564602635663277397e-02
-9.564602645042441509e-02
-9.564602654421605621e-02
-9.564602663800769733e-02
-9.564602673179933845e-02
-9.564602682701206504e-02
-9.564602692080370616e-02
-9.564602701601643275e-02
-9.564602710980807387e-02
-9.564602720502080047e-02
-9.564602730023352706e-02
-9.564602739544625365e-02
-9.564602749065898024e-02
-9.564602758587170683e-02
-9.564602768108443342e-02
-9.564602777629716002e-02
-9.564602787150988661e-02
-9.564602796814369867e-02
-9.564602806335642526e-02
-9.564602815999023733e-02
-9.564602825520296392e-02
-9.564602835183677598e-02
-9.564602844847058805e-02
-9.564602854510440011e-02
-9.564602864173821217e-02
-9.564602873695093876e-02
-9.564602883500583630e-02
-9.564602893163964836e-02
-9.564602902827346043e-02
-9.564602912490727249e-02
-9.564602922154108455e-02
-9.564602931959598209e-02
-9.564602941622979415e-02
-9.564602951428469169e-02
-9.564602961091850375e-02
-9.564602970897340128e-02
-9.564602980702829882e-02
-9.564602990366211088e-02
-9.564603000171700842e-02
-9.564603009977190595e-02
-9.564603019782680349e-02
-9.564603029588170102e-02
-9.564603039393659856e-02
-9.564603049199149609e-02
-9.564603059004639363e-02
-9.564603068810129116e-02
-9.564603078615618870e-02
-9.564603088563217170e-02
-9.564603098368706924e-02
-9.564603108174196677e-02
-9.564603118121794978e-02
-9.564603127927284731e-02
-9.564603137874883032e-02
-9.564603147680372786e-02
-9.564603157627971086e-02
-9.564603167575569387e-02
-9.564603177523167687e-02
-9.564603187328657441e-02
-9.564603197276255742e-02
-9.564603207223854042e-02
-9.564603217171452343e-02
-9.564603227119050644e-02
-9.564603237066648944e-02
-9.564603247014247245e-02
-9.564603256961845545e-02
-9.564603266909443846e-02
-9.564603276857042147e-02
-9.564603286804640447e-02
-9.564603296752238748e-02
-9.564603306841945596e-02
-9.564603316789543896e-02
-9.564603326737142197e-02
-9.564603336826849045e-02
-9.564603346774447346e-02
-3.942568806706958640e-01
-3.950954939114126319e-01
-3.952668561538530412e-01
-3.953515070435287271e-01
-3.954026136867128116e-01
-3.954367943478587222e-01
-3.954612001848545333e-01
-3.954794678222128823e-01
-3.954936490487170886e-01
-3.955049856543269016e-01
-3.955142682571022306e-01
-3.955220204446163734e-01
-3.955286005364655466e-01
-3.955342609614831417e-01
-3.955391843106781380e-01
-3.955435059182832447e-01
-3.955473283767219073e-01
-3.955507310791972486e-01
-3.955537766259453747e-01
-3.955565152054418832e-01
-3.955589876568410546e-01
-3.955612276556053075e-01
-3.955632632852257302e-01
-3.955651182110386799e-01
-3.955668125541933478e-01
-3.955683635538775889e-01
-3.955697860916984610e-01
-3.955710930924283275e-01
-3.955722958494334307e-01
-3.955734042762060199e-01
-3.955744271181060867e-01
-3.955753721299970493e-01
-3.955762462013012737e-01
-3.955770554910031933e-01
-3.955778055086511813e-01
-3.955785012067281059e-01
-3.955791470474423477e-01
-3.955797470581501329e-01
-3.955803048896200380e-01
-3.955808238487179551e-01
-3.955813069453029129e-01
-3.955817569206487860e-01
-3.955821762744449188e-01
-3.955825672932178350e-01
-3.955829320673842631e-01
-3.955832725139885042e-01
-3.955835903951765431e-01
-3.955838873253014754e-01
-3.955841647936608751e-01
-3.955844241716022225e-01
-3.955846667196283306e-01
-3.955848936058714571e-01
-3.955851059075143894e-01
-3.955853046207380430e-01
-3.955854906664058035e-01
-3.955856648985900392e-01
-3.955858281074142724e-01
-3.955859810290007772e-01
-3.955861243426284091e-01
-3.955862586806802028e-01
-3.955863846314855437e-01
-3.955865027421623381e-01
-3.955866135214591850e-01
-3.955867174411764609e-01
-3.955868149446928328e-01
-3.955869064412809166e-01
-3.955869923146337896e-01
-3.955870729214439052e-01
-3.955871485956663491e-01
-3.955872196499399251e-01
-3.955872863727449840e-01
-3.955873490383510216e-01
-3.955874078968690810e-01
-3.955874631898836924e-01
-3.955875151362420183e-01
-3.955875639448436232e-01
-3.955876098089561310e-01
-3.955876529104784822e-01
-3.955876934213620189e-01
-3.955877314993472282e-01
-3.955877672950691704e-01
-3.955878009477942214e-01
-3.955878325868411594e-01
-3.955878623386865911e-01
-3.955878903155962689e-01
-3.955879166255726886e-01
-3.955879413723550897e-01
-3.955879646483140277e-01
-3.955879865443989729e-01
-3.955880071430328826e-01
-3.955880265237965432e-01
-3.955880447591653137e-01
-3.955880619201934678e-01
-3.955880780694087662e-01
-3.955880932679178841e-01
-3.955881075739853259e-01
-3.955881210416123395e-01
-3.955881337191158309e-01
-3.955881456576548771e-01
-3.955881568970198714e-01
-3.955881674826855487e-01
-3.955881774516001315e-01
-3.955881868421329273e-01
-3.955881956883899875e-01
-3.955882040230562779e-01
-3.955882118759745936e-01
-3.955882192769877292e-01
-3.955882262530963089e-01
-3.955882328284587857e-01
-3.955882390272336124e-01
-3.955882448735792423e-01
-3.955882503859697863e-01
-3.955882555857215266e-01
-3.955882604913085743e-01
-3.955882651197839550e-01
-3.955882694882006945e-01
-3.955882736121907328e-01
-3.955882775045438393e-01
-3.955882811823130396e-01
-3.955882846540248465e-01
-3.955882879353112003e-01
-3.955882910361196991e-01
-3.955882939663979414e-01
-3.955882967389356963e-01
-3.955882993594173058e-01
-3.955883018392114536e-01
-3.955883041868446526e-01
-3.955883064080012446e-01
-3.955883085126288279e-01
-3.955883105049906590e-01
-3.955883123936132506e-01
-3.955883141841809447e-01
-3.955883158837991687e-01
-3.955883174953100934e-01
-3.955883190243980607e-01
-3.955883204767474126e-01
-3.955883218566214055e-01
-3.955883231697043811e-01
-3.955883244174174251e-01
-3.955883256040237939e-01
-3.955883267337867437e-01
-3.955883278109695311e-01
-3.955883288369932416e-01
-3.955883298147000460e-01
-3.955883307483532008e-01
-3.955883316393737914e-01
-3.955883324920250743e-01
-3.955883333048859640e-01
-3.955883340850618879e-01
-3.955883348297106750e-01
-9.697748844104125965e-02
-9.613887598050041561e-02
-9.596751449407747714e-02
-9.588286433341863813e-02
-9.583175839367186200e-02
-9.579757841322589229e-02
-9.577317323419265449e-02
-9.575490623348059671e-02
-9.574072562514857054e-02
-9.572938962065791202e-02
-9.572010759910654087e-02
-9.571235597718441568e-02
-9.570577643671640544e-02
-9.570011654744803309e-02
-9.569519371979140487e-02
-9.569087262235598246e-02
-9.568705066129723491e-02
-9.568364844341203934e-02
-9.568060337130646076e-02
-9.567786525650490148e-02
-9.567539325985308096e-02
-9.567315370588858059e-02
-9.567111851254139765e-02
-9.566926401447517492e-02
-9.566757009196180661e-02
-9.566601950439235225e-02
-9.566459737300192501e-02
-9.566329077017599047e-02
-9.566208840681156289e-02
-9.566098036657422199e-02
-9.565995790552506151e-02
-9.565901327022174883e-02
-9.565813956839974708e-02
-9.565733064391679363e-02
-9.565658098722451541e-02
-9.565588564584004416e-02
-9.565524015755499931e-02
-9.565464049501315458e-02
-9.565408300886701909e-02
-9.565356438940852968e-02
-9.565308162962082861e-02
-9.565263198965112679e-02
-9.565221296696790887e-02
-9.565182227646573665e-02
-9.565145782772788152e-02
-9.565111770228895693e-02
-9.565080014226623462e-02
-9.565050352904336251e-02
-9.565022637616493739e-02
-9.564996731228347926e-02
-9.564972507405400393e-02
-9.564949849618642475e-02
-9.564928650149795430e-02
-9.564908809380767707e-02
-9.564890235083112202e-02
-9.564872841991700625e-02
-9.564856550952072212e-02
-9.564841288636216632e-02
-9.564826986832031253e-02
-9.564813582443321138e-02
-9.564801016637147768e-02
-9.564789234701720488e-02
-9.564778185762179419e-02
-9.564767822638486905e-02
-9.564758100992776235e-02
-9.564748979897785830e-02
-9.564740421126316505e-02
-9.564732388724905832e-02
-9.564724849440153776e-02
-9.564717772150288511e-02
-9.564711127865166418e-02
-9.564704889299946444e-02
-9.564699031017198649e-02
-9.564693529569012753e-02
-9.564688362502238306e-02
-9.564683509211135970e-02
-9.564678950084726239e-02
-9.564674667075223624e-02
-9.564670643271711015e-02
-9.564666862473814035e-02
-9.564663310044352329e-02
-9.564659971772471181e-02
-9.564656834584184253e-02
-9.564653886258156490e-02
-9.564651115283595573e-02
-9.564648510718143370e-02
-9.564646062614201583e-02
-9.564643761450497550e-02
-9.564641598274192802e-02
-9.564639564700883057e-02
-9.564637652772489673e-02
-9.564635855383585294e-02
-9.564634165570851110e-02
-9.564632576655185403e-02
-9.564631082668029194e-02
-9.564629677925040596e-02
-9.564628357026094818e-02
-9.564627114997392709e-02
-9.564625946865135120e-02
-9.564624848508174182e-02
-9.564623815521144934e-02
-9.564622844067116603e-02
-9.564621930451266962e-02
-9.564621071262990881e-02
-9.564620263091683228e-02
-9.564619503095173059e-02
-9.564618788147072337e-02
-9.564618115831535761e-02
-9.564617483448500934e-02
-9.564616888582122556e-02
-9.564616328958663871e-02
-9.564615802588605220e-02
-9.564615307624535490e-02
-9.564614841792717925e-02
-9.564614403814175603e-02
-9.564613991699388862e-02
-9.564613604027272231e-02
-9.564613239376740239e-02
-9.564612896326707414e-02
-9.564612573598196832e-02
-9.564612269912231568e-02
-9.564611984274051792e-02
-9.564611715688897675e-02
-9.564611462877792292e-02
-9.564611224988084359e-02
-9.564611001309231142e-02
-9.564610790846472810e-02
-9.564610592889266627e-02
-9.564610406584961311e-02
-9.564610231365122672e-02
-9.564610066519207976e-02
-9.564609911478783033e-02
-9.564609765675413655e-02
-9.564609628398557106e-02
-9.564609499363996292e-02
-9.564609378003297024e-02
-9.564609263748025114e-02
-9.564609156313963467e-02
-9.564609055274786442e-02
-9.564608960346276945e-02
-9.564608870960000786e-02
-9.564608786973849419e-02
-9.564608707961497203e-02
-9.564608633638727042e-02
-9.564608563721321843e-02
-9.564608498067173059e-02
-9.564608436392063595e-02
-9.564608378411776357e-02
-9.564608323842094251e-02
-9.564608272683017276e-02
-9.564608224508219791e-02
-9.564608179317701797e-02
-9.564608136969354746e-02
-9.564608097036852996e-02
-9.564608059662305095e-02
-9.564608024561493949e-02
-9.564607991592311009e-02
-9.564607960754756277e-02
-9.564607931764612658e-02
-9.564607904763988699e-02
-9.564607879326558759e-02
-9.564607855452322838e-02
-9.564607833141280935e-02
-9.564607812393433051e-02
-9.564607792924562091e-02
-9.564607774734668055e-02
-9.564607757681642397e-02
-9.564607741907593663e-02
-9.564607727128304759e-02
-9.564607713343775686e-02
-9.564607700554006442e-02
-9.564607688758997028e-02
-9.564607677674530350e-02
-9.564607667584823503e-02
-9.564607658063550844e-02
-9.564607649394929467e-02
-9.564607641436850827e-02
-9.564607634047206375e-02
-9.564607627225996112e-02
-9.564607621115328584e-02
-9.564607615430986698e-02
-9.564607610457187548e-02
-9.564607605767605492e-02
-9.564607601646457624e-02
-9.564607598093743945e-02
-9.564607594825247361e-02
-9.564607591983076418e-02
-9.564607589425122569e-02
-9.564607587435602909e-02
-9.564607585588191796e-02
-9.564607584167106324e-02
-9.564607583172346494e-02
-9.564607582319695211e-02
-9.564607581751261023e-02
-9.564607581609152476e-02
-9.564607581609152476e-02
-9.564607581751261023e-02
-9.564607582319695211e-02
-9.564607583030237947e-02
-9.564607583882889230e-02
-9.564607585019757607e-02
-9.564607586440843079e-02
-9.564607587861928550e-02
-9.564607589567231116e-02
-9.564607591414642229e-02
-9.564607593546270436e-02
-9.564607595677898644e-02
-9.564607598093743945e-02
-9.564607600509589247e-02
-9.564607603209651643e-02
-9.564607606051822586e-02
-9.564607608893993529e-02
-9.564607611878273019e-02
-9.564607615146769604e-02
-9.564607618415266188e-02
-9.564607621825871320e-02
-9.564607625236476451e-02
-9.564607628931298677e-02
-9.564607632626120903e-02
-9.564607636463051676e-02
-9.564607640299982450e-02
-9.564607644421130317e-02
-9.564607648400169637e-02
-9.564607652663426052e-02
-9.564607656926682466e-02
-9.564607661332047428e-02
-9.564607665737412390e-02
-9.564607670284885899e-02
-9.564607674832359407e-02
-9.564607679521941463e-02
-9.564607684211523519e-02
-9.564607689043214123e-02
-9.564607694017013273e-02
-9.564607698990812423e-02
-9.564607703964611574e-02
-9.564607709080519271e-02
-9.564607714196426969e-02
-9.564607719454443213e-02
-9.564607724712459458e-02
-9.564607730112584250e-02
-9.564607735512709041e-02
-9.564607740912833833e-02
-9.564607746455067172e-02
-9.564607751997300511e-02
-9.564607757681642397e-02
-9.564607763365984283e-02
-9.564607769050326169e-02
-9.564607774876776602e-02
-9.564607780703227036e-02
-9.564607786671786016e-02
-9.564607792640344996e-02
-9.564607798608903977e-02
-9.564607804577462957e-02
-9.564607810688130485e-02
-9.564607816798798012e-02
-9.564607823051574087e-02
-9.564607829304350162e-02
-9.564607835557126236e-02
-9.564607841809902311e-02
-9.564607848204786933e-02
-9.564607854599671555e-02
-9.564607861136664724e-02
-9.564607867531549346e-02
-9.564607874068542515e-02
-9.564607880605535684e-02
-9.564607887284637400e-02
-9.564607893963739116e-02
-9.564607900642840832e-02
-2.674863664040572075e-01
-3.829917773032320838e-01
-4.457686084194278919e-01
-4.795301984529487527e-01
-4.986237046225028280e-01
-5.102252585601263490e-01
-5.178161018193350174e-01
-5.125590133545188110e-01
-5.029947932115419462e-01
-4.917167244485654010e-01
-4.796861857244039129e-01
-4.673612365564849824e-01
-4.549947098624329556e-01
-4.427374781613480081e-01
-4.306831725898518926e-01
-4.188907627593607685e-01
-4.073971838678858148e-01
-3.962248862308115349e-01
-3.853865639442233260e-01
-3.748882192581959316e-01
-3.647312024469329117e-01
-3.549136004721731297e-01
-3.454312007789894778e-01
-3.362781716660379061e-01
-3.274475497789808287e-01
-3.189315939096104557e-01
-3.107220445784264484e-01
-3.028103161852868652e-01
-2.951876409142073499e-01
-2.878451747719168452e-01
-2.807740787616808120e-01
-2.739655784139927164e-01
-2.674110096478443666e-01
-2.611018523126062973e-01
-2.550243054372458573e-01
-2.491583789094420354e-01
-2.434825531764772677e-01
-2.379788927228787543e-01
-2.326355257309842273e-01
-2.274465067273467866e-01
-2.224102868112254328e-01
-2.175268810063357705e-01
-2.128037105364910531e-01
-2.082457045503360860e-01
-2.038563084695965699e-01
-1.996323784979381344e-01
-1.955779053957940050e-01
-1.916897612119328187e-01
-1.879642245910417842e-01
-1.843951433215806901e-01
-1.809767688271790576e-01
-1.777031488074953813e-01
-1.745697193427986349e-01
-1.715689565131128802e-01
-1.686951706730610567e-01
-1.659428700449439020e-01
-1.633067789029496453e-01
-1.607818457813436908e-01
-1.583632438808990628e-01
-1.560463666692157858e-01
-1.538268207283977063e-01
-1.517004171333269369e-01
-1.496631621179744798e-01
-1.477112475896547039e-01
-1.458410417143340965e-01
-1.440490798188420740e-01
-1.423320556554585892e-01
-1.406868131411442846e-01
-1.391103385032010920e-01
-1.375997529009964637e-01
-1.361523054697499902e-01
-1.347653668076986833e-01
-1.334364228455342527e-01
-1.321630690952702025e-01
-1.309430052501170394e-01
-1.297740300913119427e-01
-1.286540367246402639e-01
-2.096561822156672861e-01
-3.542469542878734501e-01
-4.438914452322251236e-01
-4.920584762231783316e-01
-5.180464822359454047e-01
-5.327982719180113236e-01
-5.417369615315692499e-01
-5.424640433318472788e-01
-5.344155547703621778e-01
-5.233104640339547586e-01
-5.109704356129896041e-01
-4.981191349571645333e-01
-4.851174517355616445e-01
-4.721696242100392737e-01
-4.593989388311570110e-01
-4.468820454860633617e-01
-4.346668669697351106e-01
-4.227828419971046969e-01
-4.112471529367667245e-01
-4.000686757109406244e-01
-3.892505641132970595e-01
-3.787919846544696156e-01
-3.686893063402862936e-01
-3.589369318561352884e-01
-3.495278877636565085e-01
-3.404542495019313719e-01
-3.317074511869577691e-01
-3.232785136958682415e-01
-3.151582139224728962e-01
-3.073372111558114739e-01
-4.009553671323828894e-01
-4.618991001947847508e-01
-4.922270165238273876e-01
-5.057311264707209375e-01
-5.108104349687891954e-01
-5.116860769433628775e-01
-5.104097112734962138e-01
-5.016977972289282661e-01
-4.906069383636690873e-01
-4.786848067581672694e-01
-4.665031687494547441e-01
-4.543311221951285006e-01
-4.423143019067765636e-01
-4.305371257672163665e-01
-4.190497475988763654e-01
-4.078816605371571313e-01
-3.970492928175417546e-01
-5.184613521635128564e-01
-5.966109082379489337e-01
-6.348693371037938959e-01
-6.514008817035232823e-01
-6.571229531928679535e-01
-6.574811341778286078e-01
-6.551094398730583634e-01
-6.431217836862401782e-01
-6.281119459316641951e-01
-6.120633395283903155e-01
-5.957033990867444118e-01
-5.793740438008398996e-01
-5.632604644759453549e-01
-5.474701502521384100e-01
-5.320670569886942758e-01
-6.274167583782741531e-01
-6.865670824538483430e-01
-7.126174700914589266e-01
-7.207548328139523619e-01
-7.200771570254005383e-01
-7.151170491098923776e-01
-7.080641502554385625e-01
-6.931159823196253456e-01
-6.758066957331720914e-01
-6.577923139957420062e-01
-6.396764964634371609e-01
-6.217405851700164021e-01
-6.041350019671654081e-01
-5.869452853033862993e-01
-5.702206361917205868e-01
-5.539837010502424164e-01
-5.382378947530241931e-01
-5.229762061404130691e-01
-5.081885293250820723e-01
-4.938656618520553820e-01
-4.799975367077990995e-01
-4.665727582619183522e-01
-4.535814455252307198e-01
-4.410169492331306174e-01
-4.288751722953065837e-01
-4.171528611294661459e-01
-4.058461399480961518e-01
-3.949503475311644252e-01
-3.844532803583433633e-01
-3.743523161560347035e-01
-3.646399581995751760e-01
-3.553062163959452846e-01
-3.463395917677303260e-01
-3.377276886169511272e-01
-3.294576800627169177e-01
-3.215166507430922138e-01
-3.138918318768446625e-01
-3.065707513769666548e-01
-2.995413224510912187e-01
-2.927918904489956731e-01
-2.863112521708899294e-01
-2.800886568437022106e-01
-2.741137994064501981e-01
-2.683768058290070257e-01
-2.628682169842022631e-01
-2.575789699051256321e-01
-3.475836245002028591e-01
-4.072891596777594714e-01
-4.381065827885777253e-01
-4.528974509582894825e-01
-4.595904824213903339e-01
-4.621979523946606605e-01
-4.626797482131905781e-01
-4.560892336556321425e-01
-4.471649450408676785e-01
-4.373836965356758810e-01
-4.272964794395761601e-01
-4.171640265212772647e-01
-4.071281632448631171e-01
-3.972716808647192011e-01
-3.876443206522139917e-01
-3.782758898381644030e-01
-3.691835856969305496e-01
-3.603763698237116841e-01
-3.518577044189896696e-01
-3.436273229624475789e-01
-3.356824068674768569e-01
-3.280113061933320751e-01
-3.206166860891812576e-01
-3.134917385551716507e-01
-3.066291486291561341e-01
-3.000213030077247822e-01
-2.936604311443602455e-01
-2.875387076940683073e-01
-2.816506069194701922e-01
-4.289142044186178282e-01
-5.265783513593191856e-01
-5.776310073585477767e-01
-6.030357635864902477e-01
-6.155298672766207346e-01
-6.215013372752764553e-01
-6.240530848330649860e-01
-6.152793007814238990e-01
-6.027764938821178475e-01
-5.888692139095041966e-01
-5.744194106028999158e-01
-5.598357433939327166e-01
-5.453418762073170001e-01
-5.310696351926935677e-01
-5.170918095174670270e-01
-5.034666692296241308e-01
-4.902234287897044851e-01
-4.773783838672329694e-01
-4.649391790920276435e-01
-4.529075607734966979e-01
-4.412812069091387457e-01
-4.300573299900634083e-01
-4.192260534097158597e-01
-4.087789816466624870e-01
-3.987067943228339573e-01
-3.889950680857623411e-01
-3.796388525870497688e-01
-3.706274773961126812e-01
-3.619502077441438814e-01
-3.535868990326207495e-01
-3.455350945927193607e-01
-3.377827193133953187e-01
-3.303236100819617604e-01
-3.231416094109818005e-01
-3.162331864103862245e-01
-3.095886572154427085e-01
-3.032016047697538852e-01
-2.970593024130607773e-01
-2.911529251164779453e-01
-2.854686742580270220e-01
-2.799981817219077129e-01
-2.747255093524358927e-01
-2.696384022627285049e-01
-2.647273482111245357e-01
-2.599855025948727416e-01
-2.554043563435470787e-01
-2.509802722585163792e-01
-2.467064080164504958e-01
-2.425787298804493730e-01
-2.385946608924882639e-01
-2.347524580329718447e-01
-2.310506037204618224e-01
-2.274884880947070087e-01
-2.240643098957662005e-01
-2.207766126645083204e-01
-2.176231534349426511e-01
-2.146007900151403192e-01
-2.117056073387857396e-01
-2.089331473541733430e-01
-2.062786424218643333e-01
-2.037334156625547621e-01
-2.012951204036994568e-01
-1.989597558250011389e-01
-1.967229802687597839e-01
-1.945804940334028288e-01
-1.925281435930514817e-01
-1.905597809795267494e-01
-1.886741543984271630e-01
-1.868676012648506912e-01
-1.851366411528942990e-01
-1.834779704466882322e-01
-1.818884522052144348e-01
-1.803651059603339490e-01
-1.789058633704598833e-01
-1.775071543050898981e-01
-1.761664270901519558e-01
-1.748812499840823875e-01
-1.736443613552296483e-01
-1.724568281844085504e-01
-1.713175297524571761e-01
-1.702247853543781275e-01
-1.691768109807867404e-01
-1.681718350042160637e-01
-1.672081329928687410e-01
-1.662840392839370907e-01
-1.653979505064739897e-01
-1.645483258855051645e-01
-1.637336861165294977e-01
-1.629526115905832739e-01
-1.622037403137710498e-01
-1.614857657287416259e-01
-1.607974344977947112e-01
-1.601333880373090324e-01
-1.594952309957875514e-01
-1.588826946246513216e-01
-1.582950050320164337e-01
-1.577312695644650375e-01
-1.571905763412928536e-01
-1.566720254999154349e-01
-1.561747407052394010e-01
-1.556978737042413741e-01
-1.552406060241651176e-01
-1.548021493576356988e-01
-1.543817452812845659e-01
-1.539786646333141107e-01
-2.848929529406518668e-01
-3.739700720899463704e-01
-4.227730825533626557e-01
-4.490875327519461280e-01
-4.639199200724419825e-01
-4.728497599657544015e-01
-4.786087809335981547e-01
-4.744416236249549002e-01
-4.668569138672751251e-01
-4.578988056309185595e-01
-4.483366294323332113e-01
-4.385383985194835077e-01
-4.287072591964147250e-01
-4.189643093937434060e-01
-4.093845932288786571e-01
-4.000152862175809787e-01
-3.908858582207130894e-01
-3.820141482322014781e-01
-3.734101680620938168e-01
-3.650785665257672008e-01
-3.570202692941393252e-01
-3.492335947612446034e-01
-3.417150281194381023e-01
-3.344597674455940250e-01
-3.274621146644562941e-01
-3.207157590210840681e-01
-3.142139848336000796e-01
-3.079498250770029699e-01
-3.019161756483867975e-01
-2.961058808821803723e-01
-2.905117980404270384e-01
-2.851268434582721056e-01
-2.799440298645095027e-01
-2.749528930237943314e-01
-2.701491136804179405e-01
-2.655268445849401360e-01
-2.610799283189635389e-01
-2.568022401760572393e-01
-2.526853045424104494e-01
-2.487179203200184929e-01
-2.448882671004071199e-01
-2.411861828193195834e-01
-2.376042540149114757e-01
-2.341377498638053112e-01
-2.307839521222376789e-01
-2.275420683716333770e-01
-2.244126693355497082e-01
-2.213966280763202121e-01
-2.184942119328070476e-01
-2.157046529475792340e-01
-2.130261290560042653e-01
-2.104559612774892230e-01
-2.079908709049504978e-01
-2.056272138304393593e-01
-2.033611631887310978e-01
-2.011888390683225225e-01
-1.991063946931603823e-01
-1.971100704778905310e-01
-1.951962257834338743e-01
-1.933613558918523267e-01
-3.333411140587827504e-01
-4.280348170439651767e-01
-4.793106939970925851e-01
-5.064230832246607861e-01
-5.212410307223080963e-01
-5.297668008651612581e-01
-5.349337972575085587e-01
-5.294492569476005883e-01
-5.203346028977762217e-01
-5.097840371149686689e-01
-4.986207722367907991e-01
-4.872377218958945377e-01
-4.758512657318192396e-01
-4.645899830777011630e-01
-4.535331895169747440e-01
-4.427304018193467527e-01
-4.322122159720720447e-01
-4.219968048445821296e-01
-4.120939905035925221e-01
-4.025078805696580275e-01
-3.932386223368666833e-01
-3.842835963084212381e-01
-3.756382440698757819e-01
-3.672929199410646106e-01
-3.592452171247373371e-01
-3.514875328477273797e-01
-3.440118655333890274e-01
-3.368099831675408495e-01
-3.298735425659060638e-01
-3.231941778665259335e-01
-3.167647744476198568e-01
-3.105756963080352762e-01
-3.046188725207343850e-01
-2.988863843413014365e-01
-2.933704834660488814e-01
-2.880636051216356464e-01
-2.829583785185718625e-01
-2.780476331352588204e-01
-2.733244024639702729e-01
-2.687819256905754628e-01
-2.644136473676894639e-01
-2.602132166515502831e-01
-2.561744847838554051e-01
-2.522915020335858571e-01
-2.485585142835589068e-01
-2.449699592531828785e-01
-2.415204619254041063e-01
-2.382048300859196388e-01
-2.350180497742826446e-01
-2.319552806525848609e-01
-2.290118510572369814e-01
-2.261832531971208482e-01
-2.234651384085850623e-01
-2.208533124829159533e-01
-2.183437309000169080e-01
-2.159324941459317415e-01
-2.136158431738977015e-01
-2.113901549762431387e-01
-2.092519382117075111e-01
-2.071978288483933284e-01
-2.052245859687218399e-01
-2.033290877093918425e-01
-2.015083272681295057e-01
-1.997568350844858287e-01
-1.980662260493204485e-01
-1.964273506274594183e-01
-1.948326627768892649e-01
-1.932773783579477822e-01
-1.917594359227337009e-01
-1.902788204546368434e-01
-1.888374936513059765e-01
-1.874388164665674594e-01
-1.860864344152446392e-01
-1.847833111298768927e-01
-1.835312604328009911e-01
-1.823309122329419552e-01
-1.811819105853373912e-01
-1.800831798362878544e-01
-1.790331706160941394e-01
-1.780300537021162199e-01
-1.770718594087838937e-01
-1.761565717416146981e-01
-1.752821888487687829e-01
-1.744467599280596914e-01
-1.736484063542320655e-01
-1.728853325801082974e-01
-1.721558305419534918e-01
-1.714582800801167650e-01
-1.707911469793543802e-01
-1.701529796619638546e-01
-1.695424051817440159e-01
-1.689581249237903648e-01
-1.683989102502891910e-01
-1.678635982443665853e-01
-1.673510876187833674e-01
-1.668603348633723726e-01
-1.663903506027963886e-01
-1.659401962214701598e-01
-1.655089807073295560e-01
-1.650958577215533296e-01
-1.647000228899742069e-01
-1.643207112863365182e-01
-1.639571950946105972e-01
-1.636087814546272057e-01
-1.632748104455572502e-01
-1.629520227908187735e-01
-1.626428535885793281e-01
-1.623418346397897949e-01
-1.620515712019710008e-01
-1.617724751682203532e-01
-1.615043476462574290e-01
-1.612468287476076512e-01
-1.609970595467302701e-01
-1.607574792430455091e-01
-1.605276248895393110e-01
-1.603070490389768565e-01
-1.600953259043080834e-01
-1.598920513572466007e-01
-1.596968421011979444e-01
-1.595106125520828755e-01
-1.593315752231205806e-01
-1.591594246846739225e-01
-1.589938707681426422e-01
-1.588346354964187412e-01
-1.586814524401347626e-01
-1.585340662188627903e-01
-1.583922320392616712e-01
-2.919079156114889884e-01
-3.828947422277906298e-01
-4.328172368715854645e-01
-4.597760620711710544e-01
-4.749964007615403716e-01
-4.841753964342387917e-01
-4.901049275133573246e-01
-4.859127683872088710e-01
-4.782231513488000019e-01
-4.691233292490437634e-01
-4.594002974201316647e-01
-4.494308757415410582e-01
-4.394232146580634435e-01
-4.294989816969518870e-01
-4.197271428921567349e-01
-4.101445053436236776e-01
-4.007709080511290267e-01
-3.916189725799767984e-01
-3.826988556070887171e-01
-3.740197066647965585e-01
-3.655901204581368802e-01
-3.574182283216487122e-01
-3.495108407776115200e-01
-3.418723051581196160e-01
-3.345038934824628996e-01
-3.274038849568228216e-01
-3.205680871033678159e-01
-3.139904954011285554e-01
-3.076639040088480215e-01
-3.015803926928128931e-01
-2.957292583189996549e-01
-2.901049812194855804e-01
-2.846991404524601421e-01
-2.794994262970362797e-01
-2.745025828289726633e-01
-2.697007021779995739e-01
-2.650861601296128356e-01
-2.606524289873846101e-01
-2.563915421873730338e-01
-2.522967635371742290e-01
-2.483576600056380812e-01
-2.445700093019809174e-01
-2.409289566330130583e-01
-2.374291787234028561e-01
-2.340653691987881757e-01
-2.308323586078131484e-01
-2.277251472719399317e-01
-2.247389134097943497e-01
-2.218690127776312693e-01
-2.191109750128816813e-01
-2.164604984130846788e-01
-2.139134442018075788e-01
-2.114658306894057205e-01
-2.091138274820991683e-01
-2.068537497308398088e-01
-2.046820525251291656e-01
-2.025953255440526846e-01
-2.005902879190557542e-01
-1.986637832899873501e-01
-1.968127750558323896e-01
-1.950343418172906240e-01
-1.933256730268340107e-01
-1.916840647837148026e-01
-1.901069157980828095e-01
-1.885917235242118295e-01
-1.871360804685195944e-01
-2.674636572564281778e-01
-3.221249611215171171e-01
-3.517735538864030786e-01
-3.673547133288934674e-01
-3.757277561305727431e-01
-3.803976578197421077e-01
-3.830893720945027781e-01
-3.795703000548655837e-01
-3.739059466411731592e-01
-3.673941340380793008e-01
-3.605263399848013250e-01
-3.535375279099639556e-01
-3.465568798048934696e-01
-3.396609042667364520e-01
-3.328965646431925052e-01
-3.262929686087545633e-01
-3.198678996696457943e-01
-3.136317199874838479e-01
-3.075898130759924243e-01
-3.017441655018160418e-01
-2.960944187648806292e-01
-2.906385850295123419e-01
-2.853735406844748468e-01
-2.802953768252791633e-01
-2.753996475519215892e-01
-2.706815508474846865e-01
-2.661360596178496962e-01
-2.617580191909496534e-01
-2.575422187135245622e-01
-2.534834443750355604e-01
-2.495765191056875665e-01
-2.458163319687400872e-01
-2.421978594014717601e-01
-2.387161809949134295e-01
-2.353664907829511321e-01
-2.321441049517147803e-01
-2.290444668247459958e-01
-2.260631499396481559e-01
-2.231958596226490954e-01
-2.204384332515019196e-01
-2.177868395150994729e-01
-2.152371770890226799e-01
-2.127856727710764062e-01
-2.104286792132370465e-01
-2.081626722443274957e-01
-2.059817804408226039e-01
-2.038773690287598583e-01
-2.018401168712102844e-01
-1.998622821787421344e-01
-1.979387949333499819e-01
-1.960671997608187667e-01
-1.942469945632296913e-01
-1.924795542763035883e-01
-1.907675737285785544e-01
-1.891140045970018946e-01
-1.875211406712651296e-01
-1.859901816388287443e-01
-1.845212096782233857e-01
-1.831133846252441799e-01
-1.817652011240511456e-01
-1.804747243028259618e-01
-1.792397743400897525e-01
-1.780580583314872456e-01
-1.769272587125669816e-01
-1.758450894968177636e-01
-1.748093301273456746e-01
-1.738178444185223270e-01
-1.728685898328308213e-01
-1.719596207323093040e-01
-1.710890879351723015e-01
-1.702552361095399647e-01
-1.694563999478759797e-01
-1.686909997744123757e-01
-1.679575368996211182e-01
-1.672545889988441559e-01
-1.665808056117157321e-01
-1.659349038447999192e-01
-1.653156643186548536e-01
-1.647219273678501850e-01
-1.641525894854112266e-01
-1.636066000230584905e-01
-1.630829581216630686e-01
-1.625807098463383227e-01
-1.620989455489052489e-01
-1.616367973937826719e-01
-1.611934370743028921e-01
-1.607680736782413078e-01
-1.603599517025600107e-01
-1.599683492017334174e-01
-1.595925760653926773e-01
-1.592319723982882351e-01
-1.588859070025705478e-01
-1.585537759709154670e-01
-1.582350013435984692e-01
-1.579290298749924659e-01
-1.576353318483825205e-01
-1.573533999774667791e-01
-1.570827483575953920e-01
-1.568229114880637098e-01
-1.565734433370380430e-01
-1.563339164647459256e-01
-1.561000333481388225e-01
-1.558739560294952753e-01
-1.556560864031553137e-01
-1.554463313027554250e-01
-1.552444620827486688e-01
-1.550502081485660710e-01
-1.548632869770472098e-01
-1.546834157323928594e-01
-1.545103164019678843e-01
-1.543437182277784814e-01
-1.541833588888152917e-01
-1.540248757052609108e-01
-1.538727581433363412e-01
-1.537266838610662489e-01
-1.535863449703356309e-01
-1.534514542200327014e-01
-1.533217434058542494e-01
-1.531969615967909704e-01
-1.530784064883050632e-01
-1.529641271886816867e-01
-1.528539419325625204e-01
-1.527476795530446907e-01
-1.526451760341274166e-01
-1.525462740147531804e-01
-1.524508224676424106e-01
-1.523586764292872431e-01
-1.522696967512615629e-01
-1.521837498586364745e-01
-1.521007075353963955e-01
-1.520204466970653812e-01
-1.519428491960184147e-01
-1.518678016168450995e-01
-1.517951950916085480e-01
-1.517249251136831845e-01
-1.516568913658034035e-01
-1.515909975580598257e-01
-1.515271512516846997e-01
-1.514652637212066111e-01
-1.514052498009732517e-01
-1.513470277402007014e-01
-1.512905190693913937e-01
-1.512356484667520817e-01
-1.511823436388226582e-01
-1.511305351939995489e-01
-1.510801565274277891e-01
-1.510311437144196134e-01
-1.509834353981887034e-01
-1.509369726917952903e-01
-1.508916990758280008e-01
-1.508475603131387288e-01
-1.508045043451033962e-01
-1.507624812177255080e-01
-1.507214429864234262e-01
-1.506813436492393521e-01
-1.506421390573109420e-01
-1.506037868480802899e-01
-1.505662463742396540e-01
-1.505294786340982682e-01
-1.504934462076334967e-01
-1.504581131911209013e-01
-1.504234451417119089e-01
-1.503894090163271358e-01
-1.503559731176551395e-01
-1.503231070401511715e-01
-1.502907816188780998e-01
-1.502589688840316740e-01
-1.502218105628116973e-01
-1.501734899079565366e-01
-1.501059450887964886e-01
-1.500128149942270284e-01
-1.498912095257765031e-01
-1.497417140285506321e-01
-1.495675005784846689e-01
-1.493741459441366715e-01
-1.491688369952726134e-01
-1.489589495605514458e-01
-1.487493386250093863e-01
-1.485465062813773329e-01
-1.483535730557150600e-01
-1.481723066007134548e-01
-1.480034688739806370e-01
-1.478471333285824585e-01
-1.477029351789838074e-01
-1.475708124857533221e-01
-1.474493765883266860e-01
-1.473378266808822445e-01
-1.472353575437068685e-01
-1.471411885134443764e-01
-1.470545802973788341e-01
-1.469748434033135709e-01
-1.469013413299080639e-01
-1.468334905695201087e-01
-1.467707587636368771e-01
-1.467126618322822651e-01
-1.466587606117286668e-01
-1.466086573159941508e-01
-1.465619920352878580e-01
-1.465184393453000666e-01
-1.464777051296550781e-01
-1.464395236212112650e-01
-1.464036546721558807e-01
-1.463698812727898257e-01
-1.463380072735276372e-01
-1.463078553328500675e-01
-1.462792650514188608e-01
-1.462520912951958962e-01
-1.462262026763028189e-01
-1.462014801873579017e-01
-1.461778159750792838e-01
-1.461551122289961313e-01
-1.461332801895309785e-01
-1.461122392569791373e-01
-1.460919161800688926e-01
-1.460722443454187669e-01
-1.460531631181538614e-01
-1.460346172649451546e-01
-1.460165564267867921e-01
-1.459989346471957106e-01
-1.459817099558335940e-01
-1.459648439734451131e-01
-1.459483015850082666e-01
-1.459320506171479792e-01
-1.459160615709720332e-01
-1.459003073676967688e-01
-1.458847631198523231e-01
-1.458694059351728356e-01
-1.458542147290131652e-01
-1.458391700623451470e-01
-1.458242539897014467e-01
-1.458094499284356971e-01
-1.457947425336669767e-01
-1.457801175902773139e-01
-1.457655619162778748e-01
-1.457510632690173225e-01
-1.457366102670221153e-01
-1.457221923175211487e-01
-1.457077995468125664e-01
-1.456934227419992567e-01
-1.456790532969876040e-01
-1.456646831613284121e-01
-1.456503047990054256e-01
-1.456359111415395091e-01
-1.456214955567247671e-01
-1.456070518159435778e-01
-1.455925740543762004e-01
-1.455780567567899197e-01
-1.455634947191697393e-01
-1.455488830359286112e-01
-1.455342170729068130e-01
-1.455194924517400068e-01
-1.455047050285429577e-01
-1.454898508811197644e-01
-1.454749262947530042e-01
-1.454599277451507078e-01
-1.454448518927620171e-01
-1.454296955643030742e-01
-1.454144557470726795e-01
-1.453991295790046934e-01
-1.453837143372993523e-01
-1.453682074370021837e-01
-1.453526064167931509e-01
-1.453369089347233967e-01
-1.453211127639519873e-01
-1.453052157856404847e-01
-1.452892159818475193e-01
-1.452731114341077046e-01
-1.452569003177472950e-01
-1.452405808947787591e-01
-1.452241515153218643e-01
-1.452076106104982500e-01
-1.451909566895892567e-01
-1.451741883371937547e-01
-1.451573042103859734e-01
-1.451403030372944158e-01
-1.451231836142596876e-01
-1.451059448001501551e-01
-1.450885855177830308e-01
-1.450711047510822027e-01
-1.450535015393938920e-01
-1.450357749845920807e-01
-1.450179242397098278e-01
-1.449999485117814402e-01
-1.449818470618424726e-01
-1.449636192006664714e-01
-1.449452642859228035e-01
-1.449267817264399127e-01
-1.449081709750998925e-01
-1.448894315288384860e-01
-1.448705629329083422e-01
-1.448515647709314180e-01
-1.448324366705833199e-01
-1.448131782993300476e-01
-1.447937893658490793e-01
-1.447742696171872012e-01
-1.447546188373394216e-01
-1.447348368486700565e-01
-1.447149235090705588e-01
-1.446911584721988220e-01
-1.446554477581685205e-01
-1.445984554123924681e-01
-1.445130621448242891e-01
-2.400814363539893748e-01
-3.053658470861364549e-01
-3.412583320937301323e-01
-3.606333735845623778e-01
-3.715326783520822573e-01
-3.780600960340052552e-01
-3.822357545075760754e-01
-3.791216461721091946e-01
-3.734796488231495459e-01
-3.668232487981981649e-01
-3.597252467798739417e-01
-3.524598000609557857e-01
-3.451778665521487710e-01
-3.379690025994364078e-01
-3.308883086830860520e-01
-3.239700683423052396e-01
-3.172353763218893619e-01
-3.106966978549507985e-01
-3.043607209477272590e-01
-2.982302012455306794e-01
-2.923051875370674679e-01
-2.865838510615503765e-01
-2.810630607498865174e-01
-2.757387852867054789e-01
-2.706063807863756665e-01
-2.656607968958724086e-01
-2.608967277438978272e-01
-2.563087213957260246e-01
-2.518912611336077134e-01
-2.476388254990524729e-01
-2.435459321262101184e-01
-2.396071701909363583e-01
-2.358172242040268429e-01
-2.321708910443476270e-01
-2.286630918050036598e-01
-2.252888800015284687e-01
-2.220434469137444466e-01
-2.189221244677241884e-01
-2.159203864991354749e-01
-2.130338487674521275e-01
-2.102582680450382213e-01
-2.075895402541050316e-01
-2.050236981759212540e-01
-2.025569087692247194e-01
-2.001854701674687931e-01
-1.979058084799589778e-01
-3.081907377094239564e-01
-3.826675271128010536e-01
-4.227284620512250513e-01
-4.435894038991250454e-01
-4.546715226382502806e-01
-4.607536276196810832e-01
-4.641756590558543394e-01
-4.591220308469701195e-01
-4.511845105241718556e-01
-4.421190552648113226e-01
-4.325854322829059129e-01
-4.228982685390292318e-01
-4.132304412209464317e-01
-4.036843212560370375e-01
-3.943227327596332543e-01
-5.251704827415437649e-01
-6.104219027591284430e-01
-6.531214449282174428e-01
-6.724931612311024764e-01
-6.801840309023532427e-01
-6.820300110348398448e-01
-6.808643922880719401e-01
-6.694126813087564187e-01
-6.546580404929613906e-01
-6.387216414168506162e-01
-6.223901741094550744e-01
-6.060354752406738044e-01
-5.898600940597020781e-01
-5.739824927530889909e-01
-5.584739551309780836e-01
-5.433772276717263594e-01
-5.287169456877904850e-01
-5.145030378599813048e-01
-5.007341234147588693e-01
-4.874024149856381882e-01
-4.744980301623513697e-01
-4.620114398548480494e-01
-4.499342433021524812e-01
-4.382590000631125804e-01
-4.269795537140907982e-01
-4.160839780865899229e-01
-4.055750214760678318e-01
-3.954462074261755333e-01
-3.856897177783480402e-01
-3.762964486185182977e-01
-3.672562875280505068e-01
-3.585584505557903867e-01
-3.501939060583936225e-01
-3.421488933824434753e-01
-3.344122327490595126e-01
-3.269691709462563267e-01
-3.198133487103405059e-01
-3.129341261001172825e-01
-3.063211811422661413e-01
-4.110475360988630200e-01
-4.803332257324655075e-01
-5.158745508296647131e-01
-5.327279927570316431e-01
-5.401471395558132826e-01
-5.428057221038784519e-01
-5.429830978243899153e-01
-5.349083566272838652e-01
-5.241081564619776145e-01
-5.123030916081461328e-01
-5.001373202532022333e-01
-4.879185079587955443e-01
-4.758161958349660381e-01
-4.639306073912052852e-01
-4.523224875327969130e-01
-4.410283470193121502e-01
-4.300691626113462007e-01
-4.194556925867232167e-01
-4.091918707601394090e-01
-3.992770277548629565e-01
-3.897073744724366406e-01
-3.804770086503594939e-01
-3.715786071737170460e-01
-3.630039083887481866e-01
-3.547440520819122867e-01
-3.467898214196907247e-01
-3.391318166293899594e-01
-3.317605804795675795e-01
-3.246666891925542586e-01
-3.178408183416081556e-01
-3.112655398794572648e-01
-3.049416555541029084e-01
-2.988601185847983288e-01
-2.930121327139545429e-01
-2.873891722515509173e-01
-2.819829824872499557e-01
-2.767855781399930493e-01
-2.717919459882978117e-01
-2.669914864597444648e-01
-2.623770609190501091e-01
-3.941182406435927987e-01
-4.822404425269155581e-01
-5.288108985993744682e-01
-5.523496817829709471e-01
-5.642295674391561988e-01
-5.701897248187037803e-01
-5.730298928497745692e-01
-5.657162846631536013e-01
-5.550054980560048534e-01
-5.429967107730249154e-01
-5.304739672823188812e-01
-5.178081906265674661e-01
-5.051997803690255751e-01
-4.927648592286004714e-01
-4.805736554359896218e-01
-4.686698360259811125e-01
-4.570808354387168038e-01
-4.458235899392093415e-01
-4.349084276995540677e-01
-4.243369514554728994e-01
-5.293779178103363847e-01
-5.974268369882906882e-01
-6.306183113906627113e-01
-6.446481387555991205e-01
-6.490940172824366527e-01
-6.487755483789214850e-01
-6.460399326357446625e-01
-6.348744029835984293e-01
-6.210205121348622015e-01
-6.062496377850834506e-01
-5.912128965817942117e-01
-5.762184654898305780e-01
-5.614328971915938382e-01
-5.469524838574102432e-01
-5.328341865649122155e-01
-5.191036695777029308e-01
-5.057882430037352606e-01
-4.928960927983894180e-01
-4.804288984786353467e-01
-4.683839548917489992e-01
-4.567502997872452397e-01
-4.455265083976200913e-01
-4.347056832543216842e-01
-4.242748568657361830e-01
-4.142233571172937445e-01
-4.045283158347956487e-01
-3.951926963452478958e-01
-3.862065782755053078e-01
-3.775565083060428151e-01
-3.692312100710637424e-01
-3.612196207413376214e-01
-3.535109170798023115e-01
-3.460984018801127604e-01
-3.389672892211592625e-01
-3.321076695641522747e-01
-3.255099102261738153e-01
-3.191646520562585465e-01
-3.130628110213251603e-01
-3.071955780598045749e-01
-3.015544173948114803e-01
-2.961310636564462584e-01
-2.909175185678236630e-01
-2.859060444549754720e-01
-2.810891608206134151e-01
-2.764596376266581501e-01
-2.720104899580633173e-01
-2.677349717231436443e-01
-2.636265691464245720e-01
-2.596772782254674894e-01
-2.558773024787797112e-01
-2.522164756797451446e-01
-2.486858209593378888e-01
-2.452783086170029492e-01
-2.419852554766066532e-01
-2.388053861210437390e-01
-2.357372829465020914e-01
-2.327802017290991898e-01
-2.299336214775848930e-01
-2.271966331093722147e-01
-2.245676214300829088e-01
-2.220442415278967019e-01
-2.196235570693261252e-01
-2.173022259484014285e-01
-2.150766711196183678e-01
-2.129432142055520671e-01
-2.108981703344170455e-01
-2.089379109648348276e-01
-2.070589028292602052e-01
-2.052534207308553960e-01
-2.035210157416145194e-01
-2.018593999267181971e-01
-2.002658521817579640e-01
-1.987376157487119599e-01
-1.972719987051618773e-01
-1.958664030865975292e-01
-1.945183331855560027e-01
-1.932253964639585320e-01
-1.919853015223793591e-01
-1.907958548329702353e-01
-1.896549569153194170e-01
-1.885605983517280038e-01
-1.875108557840121648e-01
-1.865038880012548361e-01
-1.855379321696659645e-01
-1.846113002258675806e-01
-1.837223754293404454e-01
-1.828696091038750637e-01
-1.820515175367631855e-01
-1.812666790343087087e-01
-1.805137311365001551e-01
-1.797913679823182065e-01
-1.790983377972565904e-01
-1.784334405144250013e-01
-1.777955255363394826e-01
-1.771834895691881684e-01
-1.765962745864158023e-01
-1.760328658946264113e-01
-1.754922902790667649e-01
-1.749736142599545019e-01
-1.744759424070707610e-01
-1.739984157509866236e-01
-1.735402102497118904e-01
-1.731005353477144126e-01
-1.726786325704665614e-01
-1.722737742113622517e-01
-1.718852620555821886e-01
-1.715124261693290464e-01
-1.711504867671465036e-01
-1.708015631123771527e-01
-1.704659005369535407e-01
-1.701432197791064027e-01
-1.698331023860077948e-01
-1.695350911816717598e-01
-1.692487224673300261e-01
-1.689735383664014989e-01
-1.687090921649314623e-01
-1.684549507487531628e-01
-1.682106956678808274e-01
-1.679759235159394848e-01
-1.677480965739164276e-01
-1.675221609914956389e-01
-1.672923336400344851e-01
-1.670540741855575106e-01
-1.668050573826462823e-01
-1.665451535657780369e-01
-1.662758798659069726e-01
-1.660003955819888688e-01
-1.657230420988753394e-01
-1.654483908041015638e-01
-1.651804030217363106e-01
-1.649220167919906999e-01
-1.646751101958443542e-01
-1.644406680952670285e-01
-1.642190099573781481e-01
-1.640100017397116972e-01
-1.638132236251976792e-01
-1.636280911952781025e-01
-1.634539378216004479e-01
-1.632900680888837996e-01
-1.631357909786856908e-01
-1.629904394505388154e-01
-1.628533811853571933e-01
-1.627240237098703801e-01
-1.626018160649778110e-01
-1.624862483765809884e-01
-1.623768502398093005e-01
-1.622731884580730366e-01
-1.621698131344828653e-01
-1.620696977894908741e-01
-1.619735276406686353e-01
-1.618813450974698753e-01
-1.617930191713412569e-01
-1.617083671305863390e-01
-1.616271929336221547e-01
-1.615493015378888231e-01
-1.614745047632482056e-01
-1.614026237234611472e-01
-1.613334896802598450e-01
-1.612669441541925153e-01
-1.612028386361430421e-01
-1.611410341126884305e-01
-1.610814005175598140e-01
-1.610238161362076426e-01
-1.609681670302620660e-01
-1.609143464747830876e-01
-1.608622544267745980e-01
-1.608117970320677159e-01
-1.607585707986913803e-01
-1.607053465946250981e-01
-1.606529197573536294e-01
-1.606015180470876658e-01
-1.605512043255430399e-01
-1.605019820104303108e-01
-1.604538293136670291e-01
-1.604067127630059986e-01
-1.603605934008101030e-01
-1.603154299189668563e-01
-1.602711803727174811e-01
-1.602278031427317728e-01
-1.601852574836470922e-01
-1.601435038395493393e-01
-1.601025040059766980e-01
-1.600622212080793361e-01
-1.600226201333043718e-01
-1.599836669129217626e-01
-1.599453291021291079e-01
-1.599075756303136586e-01
-1.598703767569986667e-01
-1.598337040206843085e-01
-1.597975301820042660e-01
-1.597618291725666495e-01
-1.597265760409527502e-01
-1.596917469015579627e-01
-1.596573188834327084e-01
-1.596232700904920421e-01
-1.595895795446722332e-01
-1.595562271518247144e-01
-1.595231936605046030e-01
-1.594904606164959660e-01
-1.594580103315479391e-01
-1.594258258492686764e-01
-1.593938909067560417e-01
-1.593621899104391559e-01
-1.593307078991301751e-01
-1.592994305227080076e-01
-1.592683440094333491e-01
-1.592374351460534854e-01
-1.592066912508016685e-01
-1.591761001520808350e-01
-1.591456501657262379e-01
-1.591153300765313361e-01
-1.590851291140893409e-01
-1.590550369428456179e-01
-1.590250436379392340e-01
-1.589951396667288464e-01
-1.589653158816872747e-01
-1.589355634962430486e-01
-1.589058740748328091e-01
-1.588762395215326251e-01
-1.588436724730968308e-01
-1.588016779976442194e-01
-1.587427469445401584e-01
-1.586611120245606799e-01
-1.585541057835371248e-01
-1.584221254773865439e-01
-1.582678523632807810e-01
-1.580961361938193477e-01
-1.579133151608402841e-01
-1.577259453469537220e-01
-1.575397072770101659e-01
-1.573588793519320461e-01
-1.571863028658526673e-01
-1.570236101187560962e-01
-1.568715299967493593e-01
-1.567301709428647882e-01
-1.565992449428676991e-01
-1.564782296682665219e-01
-1.563664791163432710e-01
-1.562632957970322423e-01
-1.561679759248590926e-01
-1.560798364877769018e-01
-1.559982304328855207e-01
-1.559225543132924940e-01
-1.558522512041804475e-01
-1.557868107838089600e-01
-1.557257677262668949e-01
-1.556686991918354579e-01
-1.556152218725515013e-01
-1.555649888658194868e-01
-1.555176865835505851e-01
-1.554730317579355869e-01
-1.554307686390643539e-01
-1.553906663772863794e-01
-1.553525166187341711e-01
-1.553161313026407697e-01
-1.552813406632935767e-01
-1.552479914124660354e-01
-1.552159450938006557e-01
-1.551850766091433798e-01
-1.551552728713545548e-01
-1.551264316077549665e-01
-1.550984602744165386e-01
-1.550712750884031266e-01
-1.550448001410131837e-01
-1.550189666247092646e-01
-1.549937121183120325e-01
-1.549689799574593962e-01
-1.549447186633301499e-01
-1.549208814310532034e-01
-1.548974256721180609e-01
-1.548743125951546062e-01
-1.548515068478195644e-01
-1.548289761686305610e-01
-1.548066910999068568e-01
-1.547846247092365957e-01
-1.547627523549977013e-01
-1.547410514618263733e-01
-1.547195013273494624e-01
-1.546980829488120435e-01
-1.546767788596525861e-01
-1.546555729888154929e-01
-1.546344505300112360e-01
-1.546133978266084341e-01
-1.545924022678946130e-01
-1.545714521924423934e-01
-1.545505368071076191e-01
-1.545296461017642287e-01
-1.545087707896186657e-01
-1.544879022375766908e-01
-1.544670324093999625e-01
-1.544461538202313022e-01
-1.544252594854356175e-01
-1.544043428779673377e-01
-1.543833978942643625e-01
-1.543624188158787547e-01
-1.543414002796339446e-01
-1.543203372520451921e-01
-1.542992249994767917e-01
-1.542780590668257901e-01
-1.542568352562057044e-01
-1.542355496084724109e-01
-1.542141983847500342e-01
-1.541927780536411774e-01
-1.541712852713317261e-01
-1.541497168716432498e-01
-1.541280698575064889e-01
-1.541063413810661586e-01
-1.540845287436809485e-01
-1.540626293817126680e-01
-1.540406408579997333e-01
-1.540185608547517404e-01
-1.539963871707072940e-01
-1.539741177083442381e-01
-1.539517504724585706e-01
-1.539292835644801016e-01
-1.539067151753670259e-01
-1.538840435856059230e-01
-1.538612671552641586e-01
-1.538383843239898852e-01
-1.538153936081698703e-01
-1.537922935938240698e-01
-1.537690829380267132e-01
-1.537457603632219616e-01
-1.537223246572239077e-01
-1.536987746675322342e-01
-1.536751093041743843e-01
-1.536513275326001349e-01
-1.536274283736815960e-01
-1.536034109022921257e-01
-1.535792742458852445e-01
-1.535550175830735498e-01
-1.535306401379443741e-01
-1.535061411871652126e-01
-1.534815200514572098e-01
-1.534533693870798743e-01
-1.534142731216547872e-01
-1.533556660859858312e-01
-1.532709950154753642e-01
-1.531572738343811579e-01
-1.530150373412197951e-01
-1.528474374268284919e-01
-1.526600609537354103e-01
-1.524601325670005281e-01
-1.522550840206804423e-01
-1.520513363999498324e-01
-1.518537196929514721e-01
-1.516654406501061203e-01
-1.514883427631730228e-01
-1.513232512309059530e-01
-1.511702916488388837e-01
-1.510291420942166951e-01
-1.508992156402655382e-01
-1.507797849811254309e-01
-1.506700638245206392e-01
-1.505692579470974124e-01
-1.504765958287634930e-01
-1.503913459302452793e-01
-1.503128254341845604e-01
-1.502404036614279903e-01
-1.501735022657157970e-01
-1.501115935084840203e-01
-1.500541975048008680e-01
-1.500008789435014478e-01
-1.499512436168970453e-01
-1.499049349618530869e-01
-1.498616307259226232e-01
-1.498210398096944118e-01
-1.497828993421990162e-01
-1.497469719694777268e-01
-1.497130433889992673e-01
-1.496809200844495535e-01
-1.496504272836318705e-01
-1.496214071025292469e-01
-1.495937168712657694e-01
-1.495672276178083848e-01
-1.495418227094091890e-01
-1.495173966219454087e-01
-1.494938538399992467e-01
-1.494711078535715387e-01
-1.494490802770087612e-01
-1.494277000361421415e-01
-1.494069026477973239e-01
-1.493866295746215656e-01
-1.493668276367543513e-01
-1.493474484902890254e-01
-1.493284481526302443e-01
-1.493097865832737625e-01
-1.492914272958500987e-01
-1.492733370199061937e-01
-1.492554853911087775e-01
-1.492378446727116170e-01
-1.492203895054444729e-01
-1.492030966815605098e-01
-1.491859449458843301e-01
-1.491689148053865210e-01
-1.491519883742853381e-01
-1.491351492163062176e-01
-1.491183822182051699e-01
-1.491016734647132580e-01
-1.490850101276919304e-01
-1.490683803737624658e-01
-1.490517732705143317e-01
-1.490351787069243983e-01
-1.490185873237237502e-01
-1.490019904409223273e-01
-1.489853800066498479e-01
-1.489687485403123901e-01
-1.489520890800122288e-01
-1.489353951427574430e-01
-1.489186606860926076e-01
-1.489018800683084010e-01
-1.488850480143355526e-01
-1.488681595930074764e-01
-1.488512101815331334e-01
-1.488341954498650921e-01
-1.488171113308567328e-01
-1.487999540032092227e-01
-1.487827198758395753e-01
-1.487654055637221973e-01
-1.487480078836256325e-01
-1.487305238285330233e-01
-1.487129505647999395e-01
-1.486952854151013526e-01
-1.486775258484840379e-01
-1.486596694746822322e-01
-1.486417140313278651e-01
-1.486236573782662163e-01
-1.486054974876083179e-01
-1.485872324408887835e-01
-1.485688604219603803e-01
-1.485503797084675170e-01
-1.485317886704251578e-01
-1.485130857631133949e-01
-1.484942695256563638e-01
-1.484753385710746443e-01
-1.484562915919696025e-01
-1.484371273477336217e-01
-1.484178446688133590e-01
-1.483984424481832320e-01
-1.483774140197624547e-01
-1.483564904376066806e-01
-1.483323562467830925e-01
-1.482978328425588188e-01
-1.482446334620135531e-01
-1.481664066247390110e-01
-1.480602348905790677e-01
-1.479271562104145232e-01
-1.477695333718997972e-01
-1.475927378876917828e-01
-1.474037410588380226e-01
-1.472097275538430949e-01
-1.470169119698994109e-01
-1.468299726226973689e-01
-1.466520177729080388e-01
-1.464848360114956449e-01
-1.463292297813723053e-01
-1.461853238168941971e-01
-1.460528092550816837e-01
-1.459311204001778606e-01
-1.458195554548069595e-01
-1.457173553603752225e-01
-1.456237532508453114e-01
-1.455380041321063800e-01
-1.454594016109922450e-01
-1.453872863706351382e-01
-1.453210494744894277e-01
-1.452601325539149002e-01
-1.452040261497700158e-01
-1.451522670393501357e-01
-1.451044350673669214e-01
-1.450601497865022793e-01
-1.450190671150153321e-01
-1.449808761080362274e-01
-1.449452959107588867e-01
-1.449120729233754901e-01
-1.448809781862792079e-01
-1.448518049897984383e-01
-1.448243666928306084e-01
-1.447984947432701119e-01
-1.447740368860195304e-01
-1.447492055419274948e-01
-1.447257745738284029e-01
-1.447035971821719613e-01
-1.446786759970564162e-01
-1.446553358434243819e-01
-1.446333893952100880e-01
-1.446126655409329942e-01
-1.445936327201025051e-01
-1.445754621911987670e-01
-1.445580492386966398e-01
-1.445427513743879899e-01
-1.445278556246876178e-01
-1.445133157460531947e-01
-1.444990926330547154e-01
-1.444851509376121612e-01
-1.444714585204565083e-01
-1.444579860901740176e-01
-1.444447069076204571e-01
-1.444315965400733148e-01
-1.444186326367002948e-01
-1.444057947253440943e-01
-1.443930640377288910e-01
-1.443789214917501340e-01
-1.443650788559125431e-01
-1.443514903854747899e-01
-1.443381133483967460e-01
-2.781274891617613321e-01
-3.692089659779185240e-01
-4.191978311439470417e-01
-4.462441068909583919e-01
-4.615724975622015336e-01
-4.708727237641596730e-01
-4.769302598518265768e-01
-4.728545872382028392e-01
-4.652904852846972972e-01
-4.563180702660929455e-01
-4.467155151218094034e-01
-4.368513641168192407e-01
-4.269277060288345638e-01
-4.170656778711645529e-01
-4.073445747138748629e-01
-3.978119035579652518e-01
-3.885020086499935132e-01
-3.794387447001668079e-01
-3.706382362807403297e-01
-3.621074457043960138e-01
-3.538548375672689872e-01
-3.458813330738053082e-01
-3.381849346794751909e-01
-3.307615499011262727e-01
-3.236056337229342716e-01
-5.087780146979525853e-01
-6.310391932387915404e-01
-6.947215500971992697e-01
-7.263702432979357582e-01
-7.419616010963636654e-01
-7.494605488261640858e-01
-7.527209591813743828e-01
-7.418516044708667323e-01
-7.263682582191677284e-01
-7.091473068300047089e-01
-6.912501364652712255e-01
-6.731797626287061576e-01
-6.552118883831781204e-01
-6.375094047683660392e-01
-6.201719236599956275e-01
-6.032607742142204188e-01
-6.665477313305245843e-01
