-3.229714916486159382e+00
-1.268305961970384033e+00
-8.654039146250624981e-01
-6.655988957930958350e-01
-5.445322855507583881e-01
-4.632761850416500238e-01
-4.050564649830334929e-01
-3.613320388367924352e-01
-3.272781172015015727e-01
-2.999710604584038265e-01
-2.775470887144138032e-01
-2.587702431327443264e-01
-2.427934387341679212e-01
-2.290189775209228173e-01
-2.170137937497429448e-01
-2.064563335636648844e-01
-1.971023898207135971e-01
-1.887626276513287849e-01
-1.812874882674009314e-01
-1.745568428944466177e-01
-1.684727614900793924e-01
-1.629543603371530480e-01
-1.579340628623526754e-01
-1.533548367461889939e-01
-1.491681168076297581e-01
-1.453322196766748675e-01
-1.418111158486112799e-01
-1.385734659336890218e-01
-1.355918551340096201e-01
-1.328421782545774477e-01
-1.303031411168831255e-01
-1.279558528310076326e-01
-1.257834895639575734e-01
-1.237710151954729554e-01
-1.219049476418376798e-01
-1.201731622018087364e-01
-1.185647249400290093e-01
-1.170697507433260398e-01
-1.156792818946428270e-01
-1.143851836062026450e-01
-1.131800537322646960e-01
-1.120571443550488766e-01
-1.110102934390511109e-01
-1.100338650061871704e-01
-1.091226965044711505e-01
-1.082720524408387064e-01
-1.074775834013053100e-01
-1.067352896924944616e-01
-1.060414890005745292e-01
-1.053927875346971632e-01
-1.047860542371381598e-01
-1.042183976537103263e-01
-1.036871451347565198e-01
-1.031898241151907314e-01
-1.027241452590033077e-01
-1.022879872152770986e-01
-1.018793828336583829e-01
-1.014965066644890612e-01
-1.011376636085969949e-01
-1.008012785973733116e-01
-1.004858872036606954e-01
-1.001901270768712493e-01
-9.991273010712120595e-02
-9.965251527432883449e-02
-9.940838211974778460e-02
-9.917930475182856753e-02
-9.896432635514429421e-02
-9.876255414980050773e-02
-9.857315475585437525e-02
-9.839534993147935893e-02
-9.822841265076931450e-02
-9.807166348991813720e-02
-9.792446728482673279e-02
-9.778623006297948450e-02
-9.765639619416788264e-02
-9.753444576432457325e-02
-9.741989213694068894e-02
-9.731227970348754752e-02
-9.721118179015775240e-02
-9.711619873513654966e-02
-9.702695608240219372e-02
-9.694310292189811662e-02
-9.686431033770759313e-02
-9.679026997275741451e-02
-9.672069268447103241e-02
-9.665530730700311324e-02
-9.659385948310728054e-02
-9.653611058979549853e-02
-9.648183672794630183e-02
-9.643082778723055526e-02
-9.638288656788063236e-02
-9.633782796214518385e-02
-9.629547819685058130e-02
-9.625567411433166853e-02
-9.621826251162701737e-02
-9.618309951804349112e-02
-9.615005000966903026e-02
-9.611898707220234428e-02
-9.608979148367779999e-02
-9.606235124834938688e-02
-9.603656114052228077e-02
-9.601232229528022799e-02
-9.598954181768704075e-02
-9.596813240762003261e-02
-9.594801203007818913e-02
-9.592910358264816750e-02
-9.591133460133960398e-02
-9.589463697352584859e-02
-9.587894667788532388e-02
-9.586420353002722550e-02
-9.585035095796001769e-02
-9.583733577613884336e-02
-9.582510797940813063e-02
-9.581362055968156710e-02
-9.580282931835881755e-02
-9.579269269579526735e-02
-9.578317161640370614e-02
-9.577422933944035321e-02
-9.576583131405413951e-02
-9.575794505138901513e-02
-9.575053999810734240e-02
-9.574358742696631452e-02
-9.573706031602569055e-02
-9.573093325627723971e-02
-9.572518235216875837e-02
-9.571978513065459993e-02
-9.571472045308837551e-02
-9.570996844132650949e-02
-9.570551039814745309e-02
-9.570132874046066718e-02
-9.569740692825234873e-02
-9.569372940632092650e-02
-9.569028154317038570e-02
-9.568704957700902014e-02
-9.568402056316926974e-02
-9.568118232579081450e-02
-9.567852341376692493e-02
-9.567603305669081237e-02
-9.567370112080197941e-02
-9.567151807630125404e-02
-9.566947495898148190e-02
-9.566756333754256048e-02
-9.566577528090647320e-02
-9.566410332979558007e-02
-9.566254046546873724e-02
-9.566108008982610045e-02
-9.565971599272415915e-02
-9.565844233634379634e-02
-9.565725362818966460e-02
-9.565614470119498947e-02
-9.565511069666854382e-02
-9.565414704297836579e-02
-9.565324944418307496e-02
-9.565241385729450485e-02
-9.565163647664576274e-02
-9.565091372820688775e-02
-9.565024224684748333e-02
-9.564961887065237534e-02
-9.564904062386858641e-02
-9.564850470979990860e-02
-9.564800849517496317e-02
-9.564754950730502969e-02
-9.564712541987319128e-02
-9.564673404440782178e-02
-9.564637332317715845e-02
-9.564604132208387455e-02
-9.564573622213856652e-02
-9.564545631519649760e-02
-9.564519999116782856e-02
-9.564496574085978864e-02
-9.564475214318690632e-02
-9.564455786232883838e-02
-9.564438164204602799e-02
-9.564422230567970473e-02
-9.564407874051994440e-02
-9.564394990775326733e-02
-9.564383482683069815e-02
-9.564373257830993680e-02
-9.564364229817101659e-02
-9.564356317355304782e-02
-9.564349444133313227e-02
-9.564343538670527778e-02
-9.564338533465388537e-02
-9.564334365705917662e-02
-9.564330975706525351e-02
-9.564328307902769666e-02
-9.564326309998705256e-02
-9.564324932966883352e-02
-9.564324130764134679e-02
-9.564323860189460902e-02
-9.564324080741926082e-02
-9.564324754336439582e-02
-9.564325845303756068e-02
-9.564327320390475506e-02
-9.564329148190608976e-02
-9.564331299429795763e-02
-9.564333746396869174e-02
-9.564336463512290720e-02
-9.564339426617607387e-02
-9.564342613117560177e-02
-9.564346001837975564e-02
-9.564349573167874041e-02
-9.564353308491035932e-02
-9.564357190612327031e-02
-9.564361203331372963e-02
-9.564365331726776276e-02
-9.564369561445573709e-02
-9.564373879555887470e-02
-9.564378273694273958e-02
-9.564382732492049399e-02
-9.564387245291072759e-02
-9.564391802285854283e-02
-9.564396394097229859e-02
-9.564401012198686658e-02
-9.564405648774254587e-02
-9.564410296434289194e-02
-9.564414948073363121e-02
-9.564419597580808841e-02
-9.564424239130175920e-02
-9.564428867037122473e-02
-9.564433476469957895e-02
-9.564438062881208680e-02
-9.564442622007618411e-02
-9.564447149728039221e-02
-9.564451642631865980e-02
-9.564456097450602101e-02
-9.564460511199968096e-02
-9.564464881037793020e-02
-9.564469204690340121e-02
-9.564473479741764095e-02
-9.564477704202545283e-02
-9.564481876367381119e-02
-9.564485994388860490e-02
-9.564490056988006472e-02
-9.564494062885842141e-02
-9.564498010945499118e-02
-9.564501900030109027e-02
-9.564505729571237680e-02
-9.564509498716233793e-02
-9.564513206754554631e-02
-9.564516853401983099e-02
-9.564520438232193555e-02
-9.564523960960968907e-02
-9.564527421446200606e-02
-9.564530819403671558e-02
-9.564534154833381763e-02
-9.564537428019548315e-02
-9.564540638820062668e-02
-9.564543787519141915e-02
-9.564546874258894604e-02
-9.564549899465646376e-02
-9.564552863281505779e-02
-9.564555766132798453e-02
-9.564558608587958588e-02
-9.564561390931203277e-02
-9.564564113588858163e-02
-9.564566777271465980e-02
-9.564569382547460918e-02
-9.564571929701060071e-02
-9.564574419584914722e-02
-9.564576852767459059e-02
-9.564579229959235818e-02
-9.564581551586570640e-02
-9.564583818502114809e-02
-9.564586031274302513e-02
-9.564588190755785035e-02
-9.564590297514996564e-02
-9.564592352262479835e-02
-9.564594355850886132e-02
-9.564596308990758189e-02
-9.564598212250530196e-02
-9.564600066482853435e-02
-9.564601872540379190e-02
-9.564603630991541650e-02
-9.564605342688992096e-02
-9.564607008343273264e-02
-9.564608628522819345e-02
-9.564610204364498713e-02
-9.564611736294637012e-02
-9.564613225165885524e-02
-9.564614671688786984e-02
-9.564616076573884129e-02
-9.564617440673828241e-02
-9.564618764557053510e-02
-9.564620049076211217e-02
-9.564621294799735551e-02
-9.564622502580277796e-02
-9.564623673128380688e-02
-9.564624807012478414e-02
-9.564625904943113710e-02
-9.564626967772937860e-02
-9.564627995928276505e-02
-9.564628990403889475e-02
-9.564629951483993864e-02
-9.564630880163349502e-02
-9.564631776868282032e-02
-9.564632642309334187e-02
-9.564633477054940158e-02
-9.564634281815642680e-02
-9.564635057301984489e-02
-9.564635803940291225e-02
-9.564636522441105626e-02
-9.564637213372861879e-02
-9.564637877303994173e-02
-9.564638514660828150e-02
-9.564639126296015093e-02
-9.564639712635880642e-02
-9.564640274248858987e-02
-9.564640811703384315e-02
-9.564641325425782270e-02
-9.564641815984487039e-02
-9.564642283947932810e-02
-9.564642729884553773e-02
-9.564643154078567022e-02
-9.564643557240515293e-02
-9.564643939796724226e-02
-9.564644302173519463e-02
-9.564644644797226647e-02
-9.564644968378388512e-02
-9.564645273059113606e-02
-9.564645559549944664e-02
-9.564645827992990235e-02
-9.564646079240901599e-02
-9.564646313293678759e-02
-9.564646530719755901e-02
-9.564646732087567216e-02
-9.564646917539221249e-02
-9.564647087643152190e-02
-9.564647242825685680e-02
-9.564647383371038813e-02
-9.564647509563428684e-02
-9.564647621971289482e-02
-9.564647720736729752e-02
-9.564647806428183685e-02
-9.564647879187759827e-02
-9.564647939583892366e-02
-9.564647987758689851e-02
-9.564648024138477922e-02
-9.564648049007473674e-02
-9.564648062792002747e-02
-9.564648065634173690e-02
-9.564648057818203597e-02
-9.564648039770418109e-02
-9.564648011775034320e-02
-9.564647974116269324e-02
-9.564647926936231670e-02
-9.564647870661246998e-02
-9.564647805433423855e-02
-9.564647731679087883e-02
-9.564647649540347629e-02
-9.564647559301420188e-02
-9.564647461246522653e-02
-9.564647355517763572e-02
-9.564647242399360039e-02
-9.564647122175529148e-02
-9.564646994988379447e-02
-9.564646861122128030e-02
-9.564646720718883444e-02
-9.564646574062862783e-02
-9.564646421438283141e-02
-9.564646262987253067e-02
-9.564646098709772559e-02
-9.564645929174275807e-02
-9.564645754238654263e-02
-9.564645574187125021e-02
-9.564645389303905176e-02
-9.564645199731103276e-02
-9.564645005610827866e-02
-9.564644807085187495e-02
-9.564644604438399256e-02
-9.564644397670463150e-02
-9.564644186923487723e-02
-9.564643972623798618e-02
-9.564643754629287287e-02
-9.564643533366279371e-02
-9.564643308692666324e-02
-9.564643080892665239e-02
-9.564642850108384664e-02
-9.564642616481933146e-02
-9.564642380155419232e-02
-9.564642141270951470e-02
-9.564641899828529858e-02
-9.564641656112371493e-02
-9.564641409980367825e-02
-9.564641162000953045e-02
-9.564640911889910058e-02
-9.564640659789347410e-02
-9.564640406125590744e-02
-9.564640150614422964e-02
-9.564639893682169713e-02
-9.564639635186722444e-02
-9.564639375412298250e-02
-9.564639114216788585e-02
-9.564638852026519089e-02
-9.564638588699381216e-02
-9.564638324235374967e-02
-9.564638059060825981e-02
-9.564637792891517165e-02
-9.564637526153774161e-02
-9.564637258705488421e-02
-9.564636990546659945e-02
-9.564636721961505827e-02
-9.564636452950026069e-02
-9.564636183654329216e-02
-9.564635913932306721e-02
-9.564635644068175679e-02
-9.564635374061936091e-02
-9.564635103913587955e-02
-9.564634833765239819e-02
-9.564634563616891683e-02
-9.564634293468543547e-02
-9.564634023604412505e-02
-9.564633753882390010e-02
-9.564633484444584610e-02
-9.564633215290996304e-02
-9.564632946563733640e-02
-9.564632678120688070e-02
-9.564632410246076688e-02
-9.564632142797790948e-02
-9.564631875917939396e-02
-9.564631609606522034e-02
-9.564631344005647406e-02
-9.564631078973206968e-02
-9.564630814793417812e-02
-9.564630551182062845e-02
-9.564630288565467708e-02
-9.564630026659415307e-02
-9.564629765606014189e-02
-9.564629505405264354e-02
-9.564629246199274348e-02
-9.564628987845935626e-02
-9.564628730629465281e-02
-9.564628474265646219e-02
-9.564628219038695534e-02
-9.564627964948613226e-02
-9.564627711853290748e-02
-9.564627459894836647e-02
-9.564627209073250924e-02
-9.564626959388533578e-02
-9.564626710982793156e-02
-9.564626463713921112e-02
-9.564626217724025992e-02
-9.564625973013107796e-02
-9.564625729439057977e-02
-9.564625487286093630e-02
-9.564625246269997660e-02
-9.564625006817095709e-02
-9.564624768501062135e-02
-9.564624531606114033e-02
-9.564624295990142855e-02
-9.564624061937365695e-02
-9.564623829163565460e-02
-9.564623597810850697e-02
-9.564623367737112858e-02
-9.564623139226569037e-02
-9.564622912137110688e-02
-9.564622686468737811e-02
-9.564622462363558952e-02
-9.564622239537357018e-02
-9.564622018274349102e-02
-9.564621798574535205e-02
-9.564621580153698233e-02
-9.564621363438163826e-02
-9.564621148001606343e-02
-9.564620934270351427e-02
-9.564620721960181982e-02
-9.564620511071098008e-02
-9.564620301887316600e-02
-9.564620094124620664e-02
-9.564619887783010199e-02
-9.564619683146702300e-02
-9.564619479931479873e-02
-9.564619278137342917e-02
-9.564619078048508527e-02
-9.564618879380759608e-02
-9.564618682418313256e-02
-9.564618486734843827e-02
-9.564618292756676965e-02
-9.564618100341704121e-02
-9.564617909347816749e-02
-9.564617719917123395e-02
-9.564617531907515513e-02
-9.564617345603210197e-02
-9.564617160719990352e-02
-9.564616977399964526e-02
-9.564616795643132718e-02
-9.564616615307386382e-02
-9.564616436534834065e-02
-9.564616259183367220e-02
-9.564616083537202940e-02
-9.564615909170015584e-02
-9.564615736508130794e-02
-9.564615565267331476e-02
-9.564615395447617630e-02
-9.564615227191097802e-02
-9.564615060355663445e-02
-9.564614895083423107e-02
-9.564614731232268241e-02
-9.564614568802198846e-02
-9.564614407935323470e-02
-9.564614248489533566e-02
-9.564614090464829133e-02
-9.564613933861210171e-02
-9.564613778820785228e-02
-9.564613625059337210e-02
-9.564613472861083210e-02
-9.564613321941806134e-02
-9.564613172585723078e-02
-9.564613024508616945e-02
-9.564612877994704832e-02
-9.564612732759769642e-02
-9.564612588945919924e-02
-9.564612446553155678e-02
-9.564612305439368356e-02
-9.564612165746666506e-02
-9.564612027332941580e-02
-9.564611890340302125e-02
-9.564611754768748142e-02
-9.564611620476171083e-02
-9.564611487462570949e-02
-9.564611355870056286e-02
-9.564611225414410001e-02
-9.564611096379849187e-02
-9.564610968766373844e-02
-9.564610842289766879e-02
-9.564610717092136838e-02
-9.564610593173483721e-02
-9.564610470533807529e-02
-9.564610349173108261e-02
-9.564610229091385918e-02
-9.564610110288640499e-02
-9.564609992622763457e-02
-9.564609876235863339e-02
-9.564609760985831599e-02
-9.564609647014776783e-02
-9.564609534322698892e-02
-9.564609422625380830e-02
-9.564609312349148240e-02
-9.564609203067675480e-02
-9.564609095065179645e-02
-9.564608988057443639e-02
-9.564608882328684558e-02
-9.564608777736793854e-02
-9.564608674281771528e-02
-9.564608571963617578e-02
-9.564608470782332006e-02
-9.564608370595806264e-02
-9.564608271688257446e-02
-9.564608173775468458e-02
-9.564608076857439301e-02
-9.564607981076278520e-02
-9.564607886431986117e-02
-9.564607792782453544e-02
-9.564607700269789348e-02
-9.564607608751884982e-02
-9.564607518228740446e-02
-9.564607428700355740e-02
-9.564607340308839412e-02
-9.564607252769974366e-02
-9.564607166367977698e-02
-9.564607080960740859e-02
-9.564606996406155304e-02
-9.564606912988438125e-02
-9.564606830423372230e-02
-9.564606748853066165e-02
-9.564606668277519930e-02
-9.564606588696733525e-02
-9.564606509968598402e-02
-9.564606432093114563e-02
-9.564606355212390554e-02
-9.564606279326426375e-02
-9.564606204293113478e-02
-9.564606130112451865e-02
-9.564606056784441535e-02
-9.564605984451191034e-02
-9.564605912970591817e-02
-9.564605842200535335e-02
-9.564605772425238683e-02
-9.564605703502593315e-02
-9.564605635432599229e-02
-9.564605568215256426e-02
-9.564605501708456359e-02
-9.564605436196416122e-02
-9.564605371394918620e-02
-9.564605307303963855e-02
-9.564605244207768919e-02
-9.564605181822116720e-02
-9.564605120147007256e-02
-9.564605059324549075e-02
-9.564604999212633629e-02
-9.564604939953369467e-02
-9.564604881404648040e-02
-9.564604823566469349e-02
-9.564604766580941941e-02
-9.564604710163848722e-02
-9.564604654599406786e-02
-9.564604599745507585e-02
-9.564604545602151120e-02
-9.564604492169337391e-02
-9.564604439304957850e-02
-9.564604387293229593e-02
-9.564604335992044071e-02
-9.564604285259292737e-02
-9.564604235237084140e-02
-9.564604185783309731e-02
-9.564604137182186605e-02
-9.564604089149497668e-02
-9.564604041685242919e-02
-9.564603994931530906e-02
-9.564603948888361629e-02
-9.564603903413626540e-02
-9.564603858507325640e-02
-9.564603814311567476e-02
-9.564603770684243500e-02
-9.564603727625353713e-02
-9.564603685134898114e-02
-9.564603643354985252e-02
-9.564603602001398031e-02
-9.564603561358353545e-02
-9.564603521283743248e-02
-9.564603481777567140e-02
-9.564603442697716673e-02
-9.564603404328408942e-02
-9.564603366527535400e-02
-9.564603329152987499e-02
-9.564603292346873786e-02
-9.564603256109194263e-02
-9.564603220439948927e-02
-9.564603185339137781e-02
-9.564603150664652276e-02
-9.564603116416492412e-02
-9.564603082878875284e-02
-9.564603049625475251e-02
-9.564603017082617953e-02
-9.564602984823977749e-02
-9.564602953275880282e-02
-9.564602922011999908e-02
-9.564602891316553723e-02
-9.564602861047433180e-02
-9.564602831346746825e-02
-9.564602802072386112e-02
-9.564602773224351040e-02
-9.564602744802641610e-02
-9.564602716807257821e-02
-9.564602689380308220e-02
-9.564602662237575714e-02
-9.564602635663277397e-02
-9.564602609515304721e-02
-9.564602583651549139e-02
-9.564602558356227746e-02
-9.564602533345123447e-02
-9.564602508902453337e-02
-9.564602484744000321e-02
-9.564602461011872947e-02
-9.564602437706071214e-02
-9.564602414826595123e-02
-9.564602392231336125e-02
-9.564602370062402770e-02
-9.564602348319795055e-02
-9.564602327003512983e-02
-9.564602305971448004e-02
-9.564602285223600120e-02
-9.564602265044186424e-02
-9.564602245148989823e-02
-9.564602225538010316e-02
-9.564602206353356451e-02
-9.564602187452919679e-02
-9.564602168978808550e-02
-9.564602150788914514e-02
-9.564602132883237573e-02
-9.564602115403886273e-02
-9.564602098208752068e-02
-9.564602081439943504e-02
-9.564602064813243487e-02
-9.564602048612869112e-02
-9.564602032838820378e-02
-9.564602017206880191e-02
-9.564602002001265646e-02
-9.564601986937759648e-02
-9.564601972300579291e-02
-9.564601957947616029e-02
-9.564601943878869861e-02
-9.564601930094340787e-02
-9.564601916594028808e-02
-9.564601903520042470e-02
-9.564601890588164679e-02
-9.564601877940503982e-02
-9.564601865577060380e-02
-9.564601853497833872e-02
-9.564601841702824458e-02
-9.564601830049923592e-02
-9.564601818823348367e-02
-9.564601807738881689e-02
-9.564601797080740653e-02
-9.564601786564708163e-02
-9.564601776332892769e-02
-9.564601766243185921e-02
-9.564601756579804714e-02
-9.564601747058532055e-02
-9.564601737679367943e-02
-9.564601728726529473e-02
-9.564601719915799549e-02
-9.564601711389286720e-02
-9.564601703004882438e-02
-9.564601694904695250e-02
-9.564601686946616610e-02
-9.564601679272755064e-02
-9.564601671883110612e-02
-9.564601664635574707e-02
-9.564601657672255897e-02
-9.564601650851045633e-02
-9.564601644314052464e-02
-9.564601637919167842e-02
-9.564601631666391768e-02
-9.564601625697832787e-02
-9.564601620013490901e-02
-9.564601614329149015e-02
-9.564601609071132771e-02
-9.564601603813116526e-02
-9.564601598839317376e-02
-9.564601594007626773e-02
-9.564601589460153264e-02
-9.564601584912679755e-02
-9.564601580791531887e-02
-9.564601576670384020e-02
-9.564601572691344700e-02
-9.564601568996522474e-02
-9.564601565443808795e-02
-9.564601562175312210e-02
-9.564601558906815626e-02
-9.564601555922536136e-02
-9.564601553080365193e-02
-9.564601550380302797e-02
-9.564601547822348948e-02
-9.564601545406503647e-02
-9.564601543132766892e-02
-9.564601541143247232e-02
-9.564601539153727572e-02
-9.564601537448425006e-02
-9.564601535885230987e-02
-9.564601534464145516e-02
-9.564601533043060044e-02
-9.564601531906191667e-02
-9.564601530911431837e-02
-9.564601530058780554e-02
-9.564601529348237818e-02
-9.564601528637695083e-02
-9.564601528211369441e-02
-9.564601527927152347e-02
-9.564601527785043800e-02
-9.564601527642935253e-02
-9.564601527785043800e-02
-9.564601527927152347e-02
-9.564601528211369441e-02
-9.564601528779803630e-02
-9.564601529348237818e-02
-9.564601530058780554e-02
-9.564601530769323290e-02
-9.564601531764083120e-02
-9.564601532900951497e-02
-9.564601534037819874e-02
-9.564601535316796799e-02
-9.564601536737882270e-02
-9.564601538301076289e-02
-9.564601539864270308e-02
-9.564601541711681421e-02
-9.564601543559092534e-02
-9.564601545548612194e-02
-9.564601547538131854e-02
-9.564601549669760061e-02
-9.564601551943496816e-02
-9.564601554359342117e-02
-9.564601556917295966e-02
-9.564601559475249815e-02
-9.564601562175312210e-02
-9.564601564875374606e-02
-9.564601567859654097e-02
-9.564601570843933587e-02
-9.564601573828213077e-02
-9.564601576954601114e-02
-9.564601580223097699e-02
-9.564601583633702830e-02
-9.564601587044307962e-02
-9.564601590597021641e-02
-9.564601594149735320e-02
-9.564601597844557546e-02
-9.564601601681488319e-02
-9.564601605518419092e-02
-9.564601609497458412e-02
-9.564601613476497732e-02
-9.564601617597645600e-02
-9.564601621860902014e-02
-9.564601626124158429e-02
-9.564601630529523391e-02
-9.564601634934888352e-02
-9.564601639340253314e-02
-9.564601644029835370e-02
-9.564601648577308879e-02
-9.564601653408999482e-02
-9.564601658240690085e-02
-9.564601663072380688e-02
-9.564601668046179839e-02
-9.564601673019978989e-02
-9.564601678135886687e-02
-9.564601683251794384e-02
-9.564601688509810629e-02
-9.564601693767826873e-02
-9.564601699167951665e-02
-9.564601704568076457e-02
-9.564601709968201249e-02
-9.564601715510434587e-02
-9.564601721194776474e-02
-9.564601726879118360e-02
-9.564601732563460246e-02
-9.564601738389910679e-02
-9.564601744216361112e-02
-9.564601750184920093e-02
-9.564601756153479073e-02
-9.564601762122038053e-02
-9.564601768232705581e-02
-9.564601774343373108e-02
-9.564601780596149183e-02
-9.564601786848925258e-02
-9.564601793101701332e-02
-9.564601799496585954e-02
-9.564601805891470576e-02
-9.564601812286355198e-02
-9.564601818823348367e-02
-9.564601825360341536e-02
-9.564601832039443252e-02
-9.564601838718544968e-02
-9.564601845397646684e-02
-9.564601852218856948e-02
-9.564601859040067211e-02
-9.564601865861277474e-02
-9.564601872682487738e-02
-9.564601879645806548e-02
-9.564601886609125359e-02
-9.564601893714552716e-02
-9.564601900819980074e-02
-9.564601907925407431e-02
-9.564601915030834789e-02
-9.564601922278370694e-02
-9.564601929525906598e-02
-9.564601936773442503e-02
-9.564601944163086955e-02
-9.564601951552731407e-02
-9.564601958942375859e-02
-9.564601966332020311e-02
-9.564601973863773310e-02
-9.564601981395526309e-02
-9.564601988927279308e-02
-9.564601996601140854e-02
-9.564602004275002400e-02
-9.564602011948863947e-02
-9.564602019622725493e-02
-9.564602027438695586e-02
-9.564602035112557132e-02
-9.564602042928527226e-02
-9.564602050886605866e-02
-9.564602058702575960e-02
-9.564602066660654600e-02
-9.564602074618733241e-02
-9.564602082576811881e-02
-9.564602090534890522e-02
-9.564602098635077709e-02
-9.564602106735264897e-02
-9.564602114835452085e-02
-9.564602122935639272e-02
-9.564602131177935007e-02
-9.564602139278122195e-02
-9.564602147520417930e-02
-9.564602155762713664e-02
-9.564602164147117946e-02
-9.564602172389413681e-02
-9.564602180773817963e-02
-9.564602189158222245e-02
-9.564602197542626527e-02
-9.564602205927030809e-02
-9.564602214453543638e-02
-9.564602222837947920e-02
-9.564602231364460749e-02
-9.564602239890973578e-02
-9.564602248417486408e-02
-9.564602256943999237e-02
-9.564602265612620613e-02
-9.564602274281241989e-02
-9.564602282949863366e-02
-9.564602291618484742e-02
-9.564602300287106118e-02
-9.564602308955727494e-02
-9.564602317766457418e-02
-9.564602326435078794e-02
-9.564602335245808717e-02
-9.564602344056538641e-02
-9.564602352867268564e-02
-9.564602361677998488e-02
-9.564602370630836958e-02
-9.564602379441566882e-02
-9.564602388394405352e-02
-9.564602397347243823e-02
-9.564602406300082293e-02
-9.564602415252920764e-02
-9.564602424205759235e-02
-9.564602433158597705e-02
-9.564602442253544723e-02
-9.564602451348491741e-02
-9.564602460301330211e-02
-9.564602469396277229e-02
-9.564602478491224247e-02
-9.564602487586171264e-02
-9.564602496823226829e-02
-9.564602505918173847e-02
-9.564602515013120865e-02
-9.564602524250176430e-02
-9.564602533487231995e-02
-9.564602542724287559e-02
-9.564602551819234577e-02
-9.564602561198398689e-02
-9.564602570435454254e-02
-9.564602579672509819e-02
-9.564602588909565384e-02
-9.564602598288729496e-02
-9.564602607525785061e-02
-9.564602616904949173e-02
-9.564602626284113285e-02
-9.564602635663277397e-02
-9.564602645042441509e-02
-9.564602654421605621e-02
-9.564602663800769733e-02
-9.564602673179933845e-02
-9.564602682701206504e-02
-9.564602692080370616e-02
-9.564602701601643275e-02
-9.564602710980807387e-02
-9.564602720502080047e-02
-9.564602730023352706e-02
-9.564602739544625365e-02
-9.564602749065898024e-02
-9.564602758587170683e-02
-9.564602768108443342e-02
-9.564602777629716002e-02
-9.564602787150988661e-02
-9.564602796814369867e-02
-9.564602806335642526e-02
-9.564602815999023733e-02
-9.564602825520296392e-02
-9.564602835183677598e-02
-9.564602844847058805e-02
-9.564602854510440011e-02
-9.564602864173821217e-02
-9.564602873695093876e-02
-9.564602883500583630e-02
-9.564602893163964836e-02
-9.564602902827346043e-02
-9.564602912490727249e-02
-9.564602922154108455e-02
-9.564602931959598209e-02
-9.564602941622979415e-02
-9.564602951428469169e-02
-9.564602961091850375e-02
-9.564602970897340128e-02
-9.564602980702829882e-02
-9.564602990366211088e-02
-9.564603000171700842e-02
-9.564603009977190595e-02
-9.564603019782680349e-02
-9.564603029588170102e-02
-9.564603039393659856e-02
-9.564603049199149609e-02
-9.564603059004639363e-02
-9.564603068810129116e-02
-9.564603078615618870e-02
-9.564603088563217170e-02
-9.564603098368706924e-02
-9.564603108174196677e-02
-9.564603118121794978e-02
-9.564603127927284731e-02
-9.564603137874883032e-02
-9.564603147680372786e-02
-9.564603157627971086e-02
-9.564603167575569387e-02
-9.564603177523167687e-02
-9.564603187328657441e-02
-9.564603197276255742e-02
-9.564603207223854042e-02
-9.564603217171452343e-02
-9.564603227119050644e-02
-9.564603237066648944e-02
-9.564603247014247245e-02
-9.564603256961845545e-02
-9.564603266909443846e-02
-9.564603276857042147e-02
-9.564603286804640447e-02
-9.564603296752238748e-02
-9.564603306841945596e-02
-9.564603316789543896e-02
-9.564603326737142197e-02
-9.564603336826849045e-02
-9.564603346774447346e-02
-9.564603356864154193e-02
-9.564603366811752494e-02
-9.564603376759350795e-02
-9.564603386849057642e-02
-9.564603396938764490e-02
-9.564603406886362791e-02
-9.564603416976069639e-02
-9.564603426923667939e-02
-9.564603437013374787e-02
-9.564603447103081635e-02
-9.564603457192788483e-02
-9.564603467140386783e-02
-9.564603477230093631e-02
-9.564603487319800479e-02
-9.564603497409507327e-02
-9.564603507499214174e-02
-9.564603517588921022e-02
-9.564603527678627870e-02
-9.564603537768334718e-02
-9.564603547858041566e-02
-9.564603557947748413e-02
-9.564603568037455261e-02
-9.564603578127162109e-02
-9.564603588216868957e-02
-9.564603598306575805e-02
-9.564603608396282652e-02
-9.564603618485989500e-02
-9.564603628717804895e-02
-9.564603638807511743e-02
-9.564603648897218591e-02
-9.564603658986925439e-02
-9.564603669218740833e-02
-9.564603679308447681e-02
-9.564603689398154529e-02
-9.564603699629969924e-02
-9.564603709719676772e-02
-9.564603719809383620e-02
-9.564603730041199015e-02
-9.564603740130905862e-02
-9.564603750362721257e-02
-9.564603760452428105e-02
-9.564603770542134953e-02
-9.564603780773950348e-02
-9.564603790863657196e-02
-9.564603801095472591e-02
-9.564603811327287985e-02
-9.564603821416994833e-02
-9.564603831648810228e-02
-9.564603841738517076e-02
-9.564603851970332471e-02
-9.564603862060039319e-02
-9.564603872291854714e-02
-9.564603882523670109e-02
-9.564603892613376956e-02
-9.564603902845192351e-02
-9.564603913077007746e-02
-9.564603923308823141e-02
-9.564603933398529989e-02
-9.564603943630345384e-02
-9.564603953862160779e-02
-9.564603964093976174e-02
-9.564603974183683022e-02
-9.564603984415498417e-02
-9.564603994647313812e-02
-9.564604004879129207e-02
-9.564604015110944601e-02
-9.564604025200651449e-02
-9.564604035432466844e-02
-9.564604045664282239e-02
-9.564604055896097634e-02
-9.564604066127913029e-02
-9.564604076359728424e-02
-9.564604086591543819e-02
-9.564604096823359214e-02
-9.564604107055174609e-02
-9.564604117144881457e-02
-9.564604127376696852e-02
-9.564604137608512247e-02
-9.564604147840327641e-02
-9.564604158072143036e-02
-9.564604168303958431e-02
-9.564604178535773826e-02
-9.564604188767589221e-02
-9.564604198999404616e-02
-9.564604209231220011e-02
-9.564604219463035406e-02
-9.564604229694850801e-02
-9.564604239926666196e-02
-9.564604250158481591e-02
-9.564604260390296986e-02
-9.564604270764220928e-02
-9.564604280996036323e-02
-9.564604291227851718e-02
-9.564604301459667113e-02
-9.564604311691482508e-02
-9.564604321923297903e-02
-9.564604332155113298e-02
-9.564604342386928693e-02
-9.564604352618744088e-02
-9.564604362850559482e-02
-9.564604373082374877e-02
-9.564604383456298820e-02
-9.564604393688114214e-02
-9.564604403919929609e-02
-9.564604414151745004e-02
-9.564604424383560399e-02
-9.564604434615375794e-02
-9.564604444847191189e-02
-9.564604455221115131e-02
-9.564604465452930526e-02
-9.564604475684745921e-02
-9.564604485916561316e-02
-9.564604496148376711e-02
-9.564604506380192106e-02
-9.564604516754116048e-02
-9.564604526985931443e-02
-9.564604537217746838e-02
-9.564604547449562233e-02
-9.564604557681377628e-02
-9.564604568055301570e-02
-9.564604578287116965e-02
-9.564604588518932360e-02
-9.564604598750747755e-02
-9.564604608982563150e-02
-9.564604619356487092e-02
-9.564604629588302487e-02
-9.564604639820117882e-02
-9.564604650051933277e-02
-9.564604660425857219e-02
-9.564604670657672614e-02
-9.564604680889488009e-02
-9.564604691121303404e-02
-9.564604701353118799e-02
-9.564604711727042741e-02
-9.564604721958858136e-02
-9.564604732190673531e-02
-9.564604742422488926e-02
-9.564604752796412868e-02
-9.564604763028228263e-02
-9.564604773260043658e-02
-9.564604783491859052e-02
-9.564604793865782995e-02
-9.564604804097598389e-02
-9.564604814329413784e-02
-9.564604824561229179e-02
-9.564604834935153121e-02
-9.564604845166968516e-02
-9.564604855398783911e-02
-9.564604865630599306e-02
-9.564604876004523248e-02
-9.564604886236338643e-02
-9.564604896468154038e-02
-9.564604906699969433e-02
-9.564604917073893375e-02
-9.564604927305708770e-02
-9.564604937537524165e-02
-9.564604947769339560e-02
-9.564604958143263502e-02
-9.564604968375078897e-02
-9.564604978606894292e-02
-9.564604988838709687e-02
-9.564604999212633629e-02
-9.564605009444449024e-02
-9.564605019676264419e-02
-9.564605029908079814e-02
-9.564605040282003756e-02
-9.564605050513819151e-02
-9.564605060745634546e-02
-9.564605070977449941e-02
-9.564605081351373883e-02
-9.564605091583189278e-02
-9.564605101815004673e-02
-9.564605112046820068e-02
-9.564605122420744010e-02
-9.564605132652559405e-02
-9.564605142884374800e-02
-9.564605153116190195e-02
-9.564605163490114137e-02
-9.564605173721929532e-02
-9.564605183953744927e-02
-9.564605194185560322e-02
-9.564605204559484264e-02
-9.564605214791299659e-02
-9.564605225023115054e-02
-9.564605235254930449e-02
-9.564605245486745844e-02
-9.564605255860669786e-02
-9.564605266092485181e-02
-9.564605276324300576e-02
-9.564605286556115971e-02
-9.564605296930039913e-02
-9.564605307161855308e-02
-9.564605317393670703e-02
-9.564605327625486098e-02
-9.564605337857301492e-02
-9.564605348231225435e-02
-9.564605358463040830e-02
-9.564605368694856224e-02
-9.564605378926671619e-02
-9.564605389158487014e-02
-9.564605399532410956e-02
-9.564605409764226351e-02
-9.564605419996041746e-02
-9.564605430227857141e-02
-9.564605440459672536e-02
-9.564605450833596478e-02
-9.564605461065411873e-02
-9.564605471297227268e-02
-9.564605481529042663e-02
-9.564605491760858058e-02
-9.564605502134782000e-02
-9.564605512366597395e-02
-9.564605522598412790e-02
-9.564605532830228185e-02
-9.564605543062043580e-02
-9.564605553293858975e-02
-9.564605563667782917e-02
-9.564605573899598312e-02
-9.564605584131413707e-02
-9.564605594363229102e-02
-9.564605604595044497e-02
-9.564605614826859892e-02
-9.564605625058675287e-02
-9.564605635432599229e-02
-9.564605645664414624e-02
-9.564605655896230019e-02
-9.564605666128045414e-02
-9.564605676359860809e-02
-9.564605686591676204e-02
-9.564605696823491598e-02
-9.564605707055306993e-02
-9.564605717429230936e-02
-9.564605727661046330e-02
-9.564605737892861725e-02
-9.564605748124677120e-02
-2.132299974974216639e-01
-3.753974149418581874e-01
-4.736648943563182002e-01
-5.266576548436319172e-01
-5.557404020038347880e-01
-5.727165529563649216e-01
-5.833948361114948966e-01
-5.834129599620041517e-01
-5.743426700632880966e-01
-5.620606372758629732e-01
-5.484553599202968144e-01
-5.342934594509074486e-01
-5.199633915623280700e-01
-5.056873132943451310e-01
-4.916003401419288821e-01
-4.777870113898075033e-01
-4.643005242698450274e-01
-4.511738189265201981e-01
-5.329600748623875006e-01
-5.838130480654513121e-01
-7.258427859255789372e-01
-8.112971548243308462e-01
-8.528506485347975286e-01
-8.711938137366814772e-01
-8.780033879844495459e-01
-8.732097654160497768e-01
-8.638664171584764517e-01
-8.450648612310374119e-01
-8.233083858812051403e-01
-8.005696924158201000e-01
-7.776049175845400896e-01
-8.764778578083110006e-01
-9.339009652379104409e-01
-9.550224015896446872e-01
-9.569069975739807887e-01
-9.495066104335592172e-01
-9.377148268242763152e-01
-9.238779213987413641e-01
-9.015441032204307703e-01
-8.768717184679530874e-01
-8.516343137515036688e-01
-8.264679392780749367e-01
-8.016672763787369149e-01
-7.773889464004923866e-01
-7.537209954961099356e-01
-7.307128881350877236e-01
-7.083906745535273330e-01
-6.867655305455855341e-01
-6.658388846148000084e-01
-6.456056457381009750e-01
-6.260563090606297010e-01
-6.071783668843977466e-01
-5.889572758420058562e-01
-5.713771329283190425e-01
-5.544211560163603281e-01
-5.380720304088981720e-01
-5.223121651383166864e-01
-5.071238750574025289e-01
-4.924895186476874187e-01
-4.783916014062583599e-01
-4.648128542896756699e-01
-4.517362917724199178e-01
-4.391452550422059176e-01
-4.270234413041862354e-01
-4.153549255875077506e-01
-4.041241771943759886e-01
-3.933160696206527973e-01
-3.829158863268844470e-01
-3.729093231441993339e-01
-3.632824883197827148e-01
-3.540219003440370216e-01
-3.451144840667552671e-01
-3.365475657247429808e-01
-3.283088668780465014e-01
-3.203864975176884400e-01
-3.127689486703388866e-01
-3.054450844842904189e-01
-2.984041342642740346e-01
-2.916356840458433908e-01
-2.851296666676716995e-01
-2.788763542952210628e-01
-2.728663487616245220e-01
-2.670905733012318706e-01
-2.615402630908647552e-01
-2.562069572405789586e-01
-2.510824895395558087e-01
-2.461589799267471790e-01
-2.414288262357899839e-01
-2.368846956969150597e-01
-2.325195165028048905e-01
-2.283264698533571391e-01
-2.242989821795049465e-01
-2.204307170828201379e-01
-2.167155677980758810e-01
-2.131476499243945000e-01
-2.097212940199710829e-01
-2.064310384852774405e-01
-2.032716227446940138e-01
-2.002379805119858247e-01
-1.973252331595176656e-01
-1.945286833489490164e-01
-1.918438088537754993e-01
-1.892662565310843092e-01
-1.867918364894194383e-01
-1.844165163888078496e-01
-1.821364158800520272e-01
-1.799478012472377486e-01
-1.778470802250353699e-01
-1.758307969694783424e-01
-1.738956271822189592e-01
-1.720383733854191632e-01
-1.702559603444342429e-01
-1.685454306397105029e-01
-1.669039403964234225e-01
-1.653287551292237367e-01
-1.638172457148812100e-01
-1.623668845212478118e-01
-1.609752416626974991e-01
-1.596399813919902044e-01
-1.583588585972961482e-01
-1.571297154328021861e-01
-1.559504780587417372e-01
-1.548191534908482936e-01
-1.537338265649168534e-01
-1.526926570036835074e-01
-1.516938765973918635e-01
-1.507357864767300271e-01
-1.498167544724537947e-01
-1.489352125744858313e-01
-1.480896544947540860e-01
-1.472786333025055683e-01
-1.465007591605171910e-01
-1.457546971352030596e-01
-1.450391650848814606e-01
-1.443529316304648091e-01
-1.436948141957827829e-01
-1.430636771232229876e-01
-1.424584298575837238e-01
-1.418780251981388574e-01
-1.413214576146515356e-01
-1.407877616287578348e-01
-1.402760102521938279e-01
-1.397853134861293256e-01
-1.393148168787661234e-01
-1.388637001369374957e-01
-1.384311757846035107e-01
-1.380164878725054223e-01
-1.376189107460845662e-01
-1.372377478460862221e-01
-1.368723305745334073e-01
-1.365220171848591235e-01
-1.361861917274609368e-01
-2.673589017447852711e-01
-3.563231667072841446e-01
-5.028891893502418498e-01
-5.942659694369467616e-01
-6.442687156194892850e-01
-6.720466393389301629e-01
-6.884434153647589483e-01
-6.908391130338031871e-01
-6.877205241693218341e-01
-6.759746433772306773e-01
-6.612106988271193586e-01
-6.452499053565929898e-01
-6.288289940243885212e-01
-6.123220711302224117e-01
-5.959437416393598141e-01
-5.798200326381675040e-01
-5.640324534468277307e-01
-5.486351600467287426e-01
-6.431924022280099962e-01
-7.019565236191738222e-01
-8.500387680044241279e-01
-9.381837353870992047e-01
-1.122337716034849109e+00
-1.231381754411131624e+00
-1.285496744935699098e+00
-1.304406524697299119e+00
-1.307457648572096787e+00
-1.295430972577094053e+00
-1.277611242134923941e+00
-1.248459525604062037e+00
-1.215859755548365229e+00
-1.182162061877534143e+00
-1.148280794799916293e+00
-1.114669706085180678e+00
-1.081592221856908509e+00
-1.049200521357818161e+00
-1.017594403563748529e+00
-9.868326463134735604e-01
-9.569483647950960403e-01
-9.279576364519925846e-01
-8.998649078876042040e-01
-8.726665265669453220e-01
-1.158027489832136325e+00
-1.333246603856252932e+00
-1.570655224877270939e+00
-1.700354809962334457e+00
-1.760164711342326882e+00
-1.784953160023405871e+00
-1.792675029842882850e+00
-1.773328562525477992e+00
-1.745128441579879564e+00
-1.703789948827250100e+00
-1.658568078751443409e+00
-1.612155001571125013e+00
-1.565619714500599002e+00
-1.519509482015735102e+00
-1.474140453805716788e+00
-1.429705351006305136e+00
-1.386323134410361035e+00
-1.344066277655997510e+00
-1.302976684299039789e+00
-1.263075529374191319e+00
-1.224353175085468592e+00
-1.186826218912528930e+00
-1.150466825242801860e+00
-1.115278731343494201e+00
-1.081241312846259461e+00
-1.048331375999111970e+00
-1.016523935859936500e+00
-9.857822572527652483e-01
-9.560921352729678802e-01
-9.274306602776505315e-01
-8.997637217973419865e-01
-8.730633163665402208e-01
-8.473015601850875100e-01
-8.224362460609313530e-01
-7.984622442805289211e-01
-7.753464922430453043e-01
-7.530621389634006846e-01
-7.315828696960124944e-01
-7.108829137294492284e-01
-6.909370671237979877e-01
-6.717251662593071160e-01
-6.532064538532722509e-01
-6.353713965594920410e-01
-6.181968759548794878e-01
-6.016603987916369078e-01
-5.857401108286808267e-01
-5.704147869607822940e-01
-5.556638204737396336e-01
-5.414707802700036154e-01
-5.278120737287395059e-01
-5.146689819696348422e-01
-5.020233466993317961e-01
-4.898575540977390119e-01
-4.781545261252517776e-01
-4.668977103705174159e-01
-4.560710716248195240e-01
-4.456590805304472269e-01
-4.356467036984668084e-01
-4.260193906830522792e-01
-4.167630645696362990e-01
-4.078641107867042592e-01
-3.993093652823631601e-01
-3.910861034015056248e-01
-3.831820286109177687e-01
-3.755852610652254953e-01
-3.682843263675295020e-01
-3.612645044043460985e-01
-3.545194106550297874e-01
-3.480386106247124189e-01
-3.418120432286286814e-01
-3.358300145549719673e-01
-3.300831848520147105e-01
-3.245625558378151254e-01
-3.192606659581542772e-01
-3.141677673625054013e-01
-3.092758445106369436e-01
-3.045771750905146291e-01
-3.000643184563500654e-01
-2.957301056852656984e-01
-2.915676303942404957e-01
-2.875702409639302459e-01
-2.837315312632426867e-01
-2.800453324809382138e-01
-2.765057057231956605e-01
-2.731069333250957243e-01
-2.698435115860320366e-01
-2.667101434823848649e-01
-2.637017316487799690e-01
-2.608133709443904991e-01
-2.580403418662058357e-01
-2.553781040319336171e-01
-2.528222898064313995e-01
-2.503686982535668903e-01
-2.480132889033370702e-01
-2.457521760163672297e-01
-2.435816230246246050e-01
-2.414980371227670730e-01
-2.394979640470751292e-01
-2.375780829851237286e-01
-2.357352015735614259e-01
-2.339662511886331231e-01
-2.322682823816535347e-01
-2.306384604537470295e-01
-2.290740612025388145e-01
-2.275724667740064433e-01
-2.261311616237549060e-01
-2.247477286715593436e-01
-3.692029432244225973e-01
-4.676339913046945185e-01
-5.213580267380280020e-01
-5.500509006694187519e-01
-5.659499450914040608e-01
-5.752741066245903312e-01
-5.810735602921113241e-01
-5.758767460477542954e-01
-5.668760923811078101e-01
-5.563510046769692963e-01
-5.451628816686593382e-01
-5.337241787728430609e-01
-5.222625029219329917e-01
-6.230762773896003637e-01
-6.880203901800996391e-01
-7.189791558445790542e-01
-7.311841605073254868e-01
-7.339859841238194349e-01
-7.321045028447770164e-01
-7.278517694004449368e-01
-7.153908018409538272e-01
-7.003052638737017332e-01
-6.843341784076528711e-01
-6.681262916458763357e-01
-6.519883360041944798e-01
-6.360866428963163344e-01
-6.205176265694944959e-01
-6.053384197073796713e-01
-5.905823728937775741e-01
-5.762677351967226969e-01
-5.624028565506478117e-01
-5.489894548503571059e-01
-5.360247395643114032e-01
-5.235028322204016149e-01
-5.114157285319720359e-01
-4.997539725167143843e-01
-4.885027546151832212e-01
-4.776539475486174524e-01
-4.671920691407649429e-01
-4.571090574600589207e-01
-4.473885420821943626e-01
-4.380230965708165058e-01
-4.290024836123507157e-01
-4.203157757530107119e-01
-4.119519812647354229e-01
-4.039002325157525775e-01
-3.961498617911729525e-01
-3.886904389588607955e-01
-3.815117924702349228e-01
-3.746040215148127572e-01
-3.679575026353631984e-01
-3.615628925814462491e-01
-3.554111285993144520e-01
-3.494934269241412039e-01
-3.438012797971623513e-01
-3.383264514781103571e-01
-3.330609735300527063e-01
-3.279971395500069775e-01
-3.231274994462296490e-01
-4.565680615996825509e-01
-5.464760193831352808e-01
-5.942049103325075521e-01
-6.183737313889992038e-01
-6.305568652010151709e-01
-6.366318199113152332e-01
-6.394787543939628449e-01
-6.319922383923426423e-01
-6.209918712784201489e-01
-6.086355022389966507e-01
-5.957363273992655195e-01
-5.826821367350021319e-01
-5.696856926590498915e-01
-5.568726614868069191e-01
-5.443198558964468248e-01
-5.320745571381735317e-01
-5.201653104066394917e-01
-5.086083738063962301e-01
-4.974117586357351684e-01
-4.865778480734661571e-01
-4.761051394226001321e-01
-4.659894290611532597e-01
-4.562246341308195952e-01
-4.468033721565234373e-01
-4.377173755955254819e-01
-4.289577903790586788e-01
-4.205153971597042073e-01
-4.123807731531314857e-01
-4.045444123690344895e-01
-3.969968149135638669e-01
-3.897285535728656214e-01
-3.827303233961742990e-01
-3.759929782589210845e-01
-3.695075575421924441e-01
-3.632653053159629053e-01
-3.572576837427732244e-01
-3.514763819524091559e-01
-3.459133214576581850e-01
-3.405606589339527090e-01
-3.354107869000699793e-01
-3.304563327873211165e-01
-3.256901567780801088e-01
-3.211053487291337660e-01
-3.166952243404352885e-01
-3.124533207852664418e-01
-3.083733919694964243e-01
-3.044494034725175879e-01
-3.006755276814487843e-01
-2.970461376889943494e-01
-2.935558019061090818e-01
-2.901992792018859291e-01
-2.869715129193650682e-01
-2.838676253389849080e-01
-2.808829127118883662e-01
-2.780128396537406843e-01
-2.752530337318148668e-01
-2.725992804997190433e-01
-2.700475184880701818e-01
-2.675938342932226988e-01
-2.652344574528342491e-01
-2.629657558415487983e-01
-2.607842310993646606e-01
-2.586865141182670413e-01
-2.566693606766534685e-01
-2.547296472371840537e-01
-2.528643666153129743e-01
-2.510706240286708635e-01
-2.493456332103960449e-01
-2.476867126190995805e-01
-2.460912817582538992e-01
-2.445568576206369471e-01
-2.430810512294101500e-01
-2.416615642061969993e-01
-2.402961855565877158e-01
-2.389827885394879559e-01
-2.377193276274169875e-01
-2.365038355591764230e-01
-2.353344204919949334e-01
-2.342092632687808873e-01
-2.331266147308497239e-01
-2.320847931201797110e-01
-2.310821815939334556e-01
-2.301172258441397389e-01
-2.291884317685344286e-01
-2.282943632380352028e-01
-2.274336399253229501e-01
-2.266049352201093825e-01
-2.258069742140378366e-01
-2.250385317708492039e-01
-2.242984306164430564e-01
-2.235855395312569271e-01
-2.228987716122787788e-01
-2.222370825990083176e-01
-2.215994692448930437e-01
-2.209849677569764026e-01
-2.203926522923893572e-01
-2.198216334960534368e-01
-2.192710571108591466e-01
-2.187401026233715129e-01
-2.182209449372862764e-01
-2.177209504651500538e-01
-2.172392384238719387e-01
-2.167749672452146115e-01
-2.163273442590707418e-01
-2.158956221464336522e-01
-2.154790952062057841e-01
-2.150796986200020910e-01
-2.146938580366963834e-01
-2.143155806564323029e-01
-2.139479139373179351e-01
-2.135914631750779336e-01
-2.132461301172838830e-01
-2.129116198318570241e-01
-2.125875746628480556e-01
-2.122736177298634175e-01
-2.119693699270897014e-01
-2.116744575090478975e-01
-2.113885157669415094e-01
-2.111111908547513849e-01
-2.108421406560978539e-01
-2.105810351309855832e-01
-2.103232998436510570e-01
-2.100714252520674563e-01
-2.098259855998207968e-01
-2.095870000573540892e-01
-2.093543297434052874e-01
-2.091277828142779072e-01
-2.089071487290539153e-01
-2.086922117428002821e-01
-2.084827570101310812e-01
-2.082785736092773732e-01
-2.080794561123866515e-01
-2.078852053969626468e-01
-2.076956290281373185e-01
-2.075105414178324281e-01
-2.073297638148119404e-01
-2.071531242208379808e-01
-2.069804572471412030e-01
-2.068116039410483609e-01
-2.066464115898725140e-01
-2.064847335191188904e-01
-2.063264288850064077e-01
-3.290731488078790790e-01
-4.134943657859935229e-01
-4.601798216413044429e-01
-4.855677886936859977e-01
-4.999977317595494242e-01
-5.087597400589061181e-01
-5.144609504782238218e-01
-5.108027406649284785e-01
-5.038481818829154690e-01
-4.955482590020210409e-01
-4.866461977357516844e-01
-4.774991653562210558e-01
-4.683047309868015873e-01
-4.591808754341286658e-01
-4.502008785081557107e-01
-4.414109632378426795e-01
-4.328401559391181763e-01
-4.245061833543672947e-01
-4.164191651554460805e-01
-4.085840064746548705e-01
-4.010019904185924133e-01
-3.936718618859913477e-01
-3.865905794199875345e-01
-3.797538455430071735e-01
-3.731564863258540754e-01
-3.667873969604329432e-01
-5.033254878881621153e-01
-7.052075716686090345e-01
-8.265241352447105783e-01
-8.898387611665725672e-01
-9.225031808625772101e-01
-9.397170366710838607e-01
-9.489707947182068892e-01
-9.452430775525044737e-01
-9.298694613974589629e-01
-9.104333602223846356e-01
-8.893849310879886616e-01
-1.030202867454477200e+00
-1.116445489628858923e+00
-1.153549392155639453e+00
-1.262489495594820710e+00
-1.324500434246544955e+00
-1.350463294450321428e+00
-1.357347641439332619e+00
-1.344806011755395048e+00
-1.324902662129545661e+00
-1.301863719810114617e+00
-1.271322861235546497e+00
-1.238624796434351083e+00
-1.205428167705235865e+00
-1.172383954511246884e+00
-1.139816500099755103e+00
-1.107907889226567022e+00
-1.076745176078475197e+00
-1.127769149064761223e+00
-1.152727122892827083e+00
-1.153977183133747531e+00
-1.142633548091964713e+00
-1.125364673467288412e+00
-1.105486782577713711e+00
-1.084587347517640410e+00
-1.058323997462196076e+00
-1.162654536013008055e+00
-1.222711517254992941e+00
-1.243211995648607626e+00
-1.242567580503362024e+00
-1.231682177464676897e+00
-1.215957934722666778e+00
-1.280952541291924263e+00
-1.308796502786435667e+00
-1.309124181827314715e+00
-1.295310606383281993e+00
-1.274806972423903062e+00
-1.251286329785727958e+00
-1.226543660612833264e+00
-1.196226795021004818e+00
-1.164592653653073739e+00
-1.132920150341476528e+00
-1.101675405213597969e+00
-1.071077878718540433e+00
-1.041242769149164360e+00
-1.012232334693408120e+00
-9.840833682986271924e-01
-9.568035362576665648e-01
-9.303832006892776008e-01
-9.048292698608406681e-01
-8.801295822749466424e-01
-8.562684026330202869e-01
-8.332276025626583760e-01
-8.109874676037520658e-01
-7.895272528173791216e-01
-7.688290466617786478e-01
-7.488671208136565838e-01
-7.296197879469445979e-01
-7.110654026476481704e-01
-6.931824814486731157e-01
-6.759497973035877294e-01
-6.593464491885470125e-01
-6.433519140657040225e-01
-6.279460848034545961e-01
-6.131092990457887026e-01
-5.988223591216979003e-01
-5.850665463611903760e-01
-5.718236295678025272e-01
-5.590758697408659827e-01
-5.468060214539605113e-01
-5.349973326516987981e-01
-5.236335414181780834e-01
-5.126988695081990954e-01
-5.021780160475941557e-01
-4.920561504277998210e-01
-4.823189056992305268e-01
-4.729523693185910815e-01
-4.639430745740469320e-01
-4.552779906319415204e-01
-4.469445131377369762e-01
-4.389304539557770113e-01
-4.312240297309699599e-01
-5.816093587071691218e-01
-6.824903386615233103e-01
-7.352707196872643181e-01
-7.612164908778140671e-01
-7.735400597098873732e-01
-7.789497544138157537e-01
-7.807321936340372304e-01
-7.707887421631198777e-01
-7.568786681389383375e-01
-7.414628773645404181e-01
-8.124849689806978859e-01
-8.556516121927870699e-01
-8.724322926937588818e-01
-8.746617146059065817e-01
-8.696529845053646568e-01
-8.611266417958063357e-01
-8.509121284433263099e-01
-8.344764473207533229e-01
-8.161603500397518474e-01
-7.973346812931936256e-01
-7.785137958109089595e-01
-7.599402220080264669e-01
-7.417439803589331859e-01
-7.239987078435206058e-01
-7.067462138195423904e-01
-6.900089666459052751e-01
-6.737971224836769579e-01
-6.581127602984793157e-01
-6.429525560221804881e-01
-6.283035960947813692e-01
-6.141634888336966469e-01
-7.633153991903895985e-01
-8.607935662269028398e-01
-9.089136828777100163e-01
-9.297831116626298353e-01
-9.369742641553102658e-01
-9.373364617175639069e-01
-9.342037687048332373e-01
-9.191640748682061712e-01
-9.002473858288340125e-01
-8.799611910433213779e-01
-8.592416683129044941e-01
-8.385318164471300406e-01
-8.180724713028553197e-01
-7.980040164085266952e-01
-7.784105287555576069e-01
-7.593420709824272308e-01
-7.408271315043180039e-01
-7.228800571638771544e-01
-7.055007171075544647e-01
-6.886908971694083448e-01
-6.724455940698703671e-01
-6.567560754859869121e-01
-6.416113026531888863e-01
-6.269987249936548324e-01
-6.129048017029958828e-01
-5.993153672960715994e-01
-5.862158955196150600e-01
-5.735916928372830625e-01
-5.614280416622818848e-01
-5.497103068819342298e-01
-5.384240153460950751e-01
-5.275549172708338119e-01
-5.170890251704918228e-01
-5.070126470855029766e-01
-4.973124089488578647e-01
-4.879752713549123655e-01
-4.789885396121462691e-01
-4.703398699518857029e-01
-4.620172723150517413e-01
-4.540091101674192942e-01
-4.463040995659639520e-01
-4.388913045346498620e-01
-4.317601323990061246e-01
-4.249003288521180366e-01
-4.182964021993029746e-01
-4.119380769139979748e-01
-4.058200722951710304e-01
-3.999347050694268546e-01
-3.942737928525730240e-01
-3.888291912929275895e-01
-3.835929396728943175e-01
-3.785573067631275990e-01
-3.737148057339823026e-01
-3.690581974126416753e-01
-3.645804884698122805e-01
-3.602684489962371117e-01
-3.561198117310482303e-01
-3.521296204127111196e-01
-3.482883010335058316e-01
-3.445928189833580291e-01
-3.410384628864449041e-01
-3.376201495683517351e-01
-3.343328104762122166e-01
-3.311714945567700852e-01
-3.281313999622170741e-01
-3.252078840148442396e-01
-3.223964651240862622e-01
-3.196928212759075905e-01
-3.170927868865192067e-01
-4.241092704816651349e-01
-4.976470585063452745e-01
-5.376717692783472557e-01
-5.586605425463631036e-01
-5.698361987498401504e-01
-5.759500240969828155e-01
-5.793542150584585215e-01
-5.744358660123793925e-01
-5.665799882478950167e-01
-5.575500451797665846e-01
-5.480226251592057451e-01
-5.383186737077494399e-01
-5.286200681368313781e-01
-5.190339229358187367e-01
-5.096258948512399911e-01
-5.004367393638631256e-01
-4.914914502165856902e-01
-4.828012425846850419e-01
-4.743761342211882948e-01
-4.662198304288267536e-01
-4.583323040250775193e-01
-4.507111125377605276e-01
-4.433521733261613917e-01
-4.362502746090513028e-01
-4.293994351527885556e-01
-4.227931605541357385e-01
-4.164246292802431526e-01
-4.102868293571759750e-01
-4.043726595156726944e-01
-3.986750043409870159e-01
-3.931867900774932423e-01
-3.879010260476434269e-01
-3.828108352649906010e-01
-3.779094768106006086e-01
-3.731903618785281651e-01
-3.686470649853390569e-01
-3.642733314919155418e-01
-3.600630822859329783e-01
-3.560104162190214083e-01
-3.521096108386245760e-01
-3.483551218181446529e-01
-3.447415813965903908e-01
-3.412637960323650077e-01
-3.379167434800933734e-01
-3.346955694325970398e-01
-3.315955838374406994e-01
-3.286122570116845054e-01
-3.257412155704741963e-01
-3.229782382604184932e-01
-3.203192517517550186e-01
-3.177603263964101643e-01
-3.152976719960065566e-01
-3.129276335926078900e-01
-3.106466873163071796e-01
-3.084514362811319188e-01
-3.063386065463191699e-01
-3.043050432111726877e-01
-3.023477066960822413e-01
-3.004636683570538480e-01
-2.986501072243186172e-01
-2.969043063885123956e-01
-2.952236494593307725e-01
-2.936056173254542045e-01
-2.920477844099877984e-01
-2.905478156122853761e-01
-2.891034632284572581e-01
-2.877125638946154140e-01
-2.863669969627835599e-01
-2.850687004993801565e-01
-2.838169894204156662e-01
-2.826104446981503315e-01
-2.814474742692141263e-01
-2.803264618052025980e-01
-2.792458142778286856e-01
-2.782039796727531211e-01
-2.771994540893274461e-01
-2.762307844378142363e-01
-2.752931829306248801e-01
-2.743875080071234152e-01
-2.735131562488390955e-01
-2.726691205779729898e-01
-2.718543047606658547e-01
-2.710676067863460048e-01
-2.703079454022372374e-01
-2.695742698620051669e-01
-2.688655636760017842e-01
-2.681808458831369535e-01
-2.675191711617230794e-01
-2.668796293590958157e-01
-2.662613447043327142e-01
-2.656634748632313858e-01
-2.650852099009171070e-01
-2.645257712146076301e-01
-2.639844104564303962e-01
-2.634604084619240894e-01
-2.629530741529606530e-01
-2.624617435259324338e-01
-2.619857786413604117e-01
-2.615195382048796091e-01
-2.610656873585526228e-01
-2.606246876567297477e-01
-2.601963564373477311e-01
-2.597803315012470193e-01
-2.593761953065154557e-01
-2.589835154566344499e-01
-2.586018605043705065e-01
-2.582308069378314030e-01
-2.578699425214381336e-01
-2.575188678875406367e-01
-2.571771972540659590e-01
-2.568445586533130154e-01
-2.565205938680037434e-01
-2.562049582209624532e-01
-2.558973202525294255e-01
-2.555973613524997745e-01
-2.553047753607984305e-01
-2.550192681468388400e-01
-2.547405571917238376e-01
-2.544683711732886877e-01
-2.542024495440387000e-01
-2.539425421389296389e-01
-2.536884087703583646e-01
-2.534398188672071228e-01
-2.531965510726763569e-01
-2.529583929032241940e-01
-2.527251403961372489e-01
-2.524965977869442213e-01
-2.522725771740397249e-01
-2.520528982230985093e-01
-2.518373878586999126e-01
-2.516258799801107671e-01
-2.514182151827526468e-01
-2.512142404981432264e-01
-2.510138091309954689e-01
-2.508167802176330952e-01
-2.506230185872482252e-01
-2.504323945373698734e-01
-2.502447836135957004e-01
-2.500600664021135344e-01
-2.498781283236439776e-01
-2.496988594430149533e-01
-2.495221542844205942e-01
-2.493479116495223025e-01
-2.491760344483395784e-01
-2.490064295315619347e-01
-2.488390075356505804e-01
-2.486736827265190186e-01
-2.485103728574244997e-01
-2.483489990268594738e-01
-2.481894855435484715e-01
-2.480317597971293253e-01
-2.478757521359398197e-01
-2.477213957433832547e-01
-2.475686265285048648e-01
-2.474173830123049811e-01
-2.472676062225787064e-01
-2.471192395958610177e-01
-2.469722288751086126e-01
-2.468265220187504383e-01
-2.466820691154225642e-01
-2.465388222859132838e-01
-2.463967356149510124e-01
-2.462557650602548165e-01
-2.461158683829012261e-01
-2.459770050720067047e-01
-2.458391362765155463e-01
-2.457022247341456023e-01
-2.455575583709901366e-01
-2.454097321447079594e-01
-2.452632652676811631e-01
-2.451182653729233607e-01
-2.449746921598716654e-01
-2.448324645058619353e-01
-2.446914919360665408e-01
-2.445533861290982713e-01
-2.444173790863146678e-01
-2.442820330230688342e-01
-2.441473280043737759e-01
-2.440132460336030817e-01
-2.438797689208627162e-01
-2.437468784521001908e-01
-2.436145565752667608e-01
-2.434827855495313997e-01
-2.433515480404935261e-01
-2.432208271812896783e-01
-2.430906066038573954e-01
-2.429608704687780119e-01
-2.428316034709609994e-01
-2.427027908424861380e-01
-2.425744183497613449e-01
-2.424464722793118199e-01
-2.423189394363589599e-01
-2.421918071220829916e-01
-2.420650631250964580e-01
-2.419386957086544498e-01
-2.418126935893383234e-01
-2.416870459228448453e-01
-2.415617422926175095e-01
-2.414367726927935109e-01
-2.413121275097296348e-01
-2.411877975120546580e-01
-2.410637738336163238e-01
-2.409400479606915724e-01
-2.408166117149335150e-01
-2.406934572491081781e-01
-2.405705770215149641e-01
-2.404479637974077377e-01
-4.106866253991370286e-01
-5.277776094004593688e-01
-5.924634101234005357e-01
-6.276370007057607836e-01
-6.476506405391546650e-01
-6.598290193707612161e-01
-6.677765032748084195e-01
-6.628338313888093580e-01
-6.533484207906781194e-01
-6.420065292218168906e-01
-6.298256261686674407e-01
-6.172973113990565253e-01
-6.046939536730633336e-01
-5.921785558641090574e-01
-5.798526610405474457e-01
-5.677805826067583439e-01
-5.560029512693631659e-01
-5.445448159093757567e-01
-5.334207200519358594e-01
-5.226379918582324535e-01
-5.121989324777587171e-01
-5.021023086726472684e-01
-4.923443904274904526e-01
-4.829196831209969787e-01
-4.738214519420580473e-01
-4.650421025544915210e-01
-4.565734605392890444e-01
-4.484069783330824066e-01
-4.405338902358835185e-01
-4.329453262570837069e-01
-4.256324006433942486e-01
-4.185862772786208552e-01
-4.117982186258473121e-01
-4.052596222990700880e-01
-3.989620481959832432e-01
-3.928972383008044744e-01
-3.870571307132308903e-01
-3.814338692905039352e-01
-3.760198099030276353e-01
-3.708075240211883283e-01
-3.657898001748094430e-01
-3.609596438224116355e-01
-3.563102759756020532e-01
-3.518351308670730759e-01
-3.475278528455305604e-01
-3.433788396620229832e-01
-3.393861899823491513e-01
-3.355440631878536806e-01
-3.318468206273905707e-01
-3.282890254951098541e-01
-3.248654361328817686e-01
-3.215709992574034004e-01
-3.184020455094582758e-01
-3.153525027428827343e-01
-3.124178699422941463e-01
-3.095938078431004215e-01
-3.068761315716983518e-01
-3.042608056986750853e-01
-3.017439399130239508e-01
-2.993217834955430590e-01
-2.969907213710598626e-01
-2.947472697613306991e-01
-4.368322799990664862e-01
-5.341569707667304101e-01
-5.872587373829674107e-01
-6.154211943822929243e-01
-6.307799798634050603e-01
-6.395432036526926822e-01
-6.447698594456596766e-01
-6.390904778157846522e-01
-6.295899091043111184e-01
-6.185538789310385255e-01
-6.068536039222749423e-01
-5.949073359474255085e-01
-5.829459517329382834e-01
-5.711068821099729576e-01
-5.594750809578385997e-01
-5.481037441853686687e-01
-5.370258911113978684e-01
-5.262612899372243191e-01
-5.158207891653887600e-01
-5.057091284371040274e-01
-4.959268103235103808e-01
-4.864713744538562423e-01
-4.773382811720239260e-01
-4.685215346142967974e-01
-4.600141290268311423e-01
-4.518083722473420494e-01
-5.479925875590652140e-01
-6.120585250315002668e-01
-6.445377105009697516e-01
-6.592776430736080329e-01
-6.650050916604755002e-01
-6.661806960281069223e-01
-6.650005173938211556e-01
-6.560851217656704648e-01
-6.445648040852347549e-01
-6.321002940794073766e-01
-6.193209377769903767e-01
-6.065208489403062231e-01
-5.938619788679488920e-01
-5.814386928690851164e-01
-5.693074817898491347e-01
-5.575039501167111666e-01
-5.460449688811763735e-01
-5.349403014420772706e-01
-5.241933899867490254e-01
-5.138033816820097854e-01
-5.037664815134235141e-01
-4.940768731628963906e-01
-4.847273572735844027e-01
-4.757098001562098943e-01
-4.670154547412153079e-01
-4.586351924999121366e-01
-4.505596723191729325e-01
-4.427794657360095698e-01
-4.352851463920615060e-01
-4.280673596866790831e-01
-4.211168727536573897e-01
-4.144246111820848455e-01
-4.079816858421736470e-01
-4.017794119803852482e-01
-3.958093224056824511e-01
-3.900631762419948245e-01
-3.845329642942374448e-01
-3.792109116631081633e-01
-3.740894782836790000e-01
-3.691613579078989460e-01
-3.644194759075958245e-01
-3.598569861054556895e-01
-3.554672668784064626e-01
-3.512439167508318860e-01
-3.471807496268297655e-01
-3.432717897155157516e-01
-3.395112662460064712e-01
-3.358936080701369065e-01
-3.324134382225452100e-01
-3.290655684182297591e-01
-3.258449935614748938e-01
-3.227468862931459626e-01
-3.197665915990910435e-01
-3.168996214867547678e-01
-3.141416497314253320e-01
-3.114885067333261759e-01
-3.089361744770258156e-01
-3.064807815860604023e-01
-3.041185985310335127e-01
-3.018460331858818790e-01
-2.996596254476457943e-01
-2.975560433014834416e-01
-2.955320784693071801e-01
-3.738651539464399320e-01
-4.278169062985170967e-01
-4.572226248953370487e-01
-4.726323823575739880e-01
-4.808063186032995873e-01
-4.852413551660106350e-01
-4.876734145810246446e-01
-4.839739983012236735e-01
-4.781004785655795786e-01
-4.713579403684775571e-01
-4.642486999500761158e-01
-4.570142526887366330e-01
-4.497875737442313948e-01
-4.426474429635618435e-01
-4.356422159929707050e-01
-4.288018587786268654e-01
-4.221380671083352354e-01
-4.156658565008797268e-01
-4.093921030431602048e-01
-4.033193038694093957e-01
-3.974472795249539558e-01
-3.917740747041875693e-01
-3.862965226133496799e-01
-3.810106260516477050e-01
-3.759118242371073393e-01
-3.709951836526670377e-01
-3.662555364854824802e-01
-3.616837749049750528e-01
-3.572790045197393738e-01
-3.530357617677282178e-01
-3.489486310797929036e-01
-3.450122803030808427e-01
-4.858964643844387865e-01
-5.818206416762450317e-01
-6.334388546008540288e-01
-6.601177976321537244e-01
-6.740262353574166809e-01
-6.813834289985720716e-01
-6.852515030587369438e-01
-6.782250387502131161e-01
-6.674155475010934424e-01
-6.551126086876024601e-01
-6.421873425239255084e-01
-6.290571805365630098e-01
-6.159519954891834459e-01
-6.030081543940468691e-01
-5.903095275897385363e-01
-5.779082250597866732e-01
-5.658361864732341928e-01
-5.541121098829648872e-01
-5.427457912631439285e-01
-5.317409388439386930e-01
-5.210970436280604190e-01
-5.108106526094502442e-01
-5.008762532042965177e-01
-4.912868983097951059e-01
-4.820346535041153402e-01
-4.731109209103578905e-01
-4.645066759437099790e-01
-4.562126426009172064e-01
-4.482194239685100001e-01
-4.405175993298371395e-01
-4.330977955518733324e-01
-4.259507425729225361e-01
-4.190596579718430803e-01
-4.124246143788923291e-01
-4.060366329952103115e-01
-3.998869670724047864e-01
-3.939671220862805967e-01
-3.882688578599413631e-01
-3.827841878290882960e-01
-3.775079733273400961e-01
-3.724297364854578518e-01
-3.675422922754023602e-01
-3.628386892913226802e-01
-3.583122007810857212e-01
-3.539563202323847690e-01
-3.497647568252659767e-01
-3.457258969163490292e-01
-3.418329769118599870e-01
-3.380867477673632493e-01
-3.344820079107080346e-01
-3.310135353487453358e-01
-3.276762263311638890e-01
-3.244651330490455621e-01
-3.213754741992147501e-01
-3.184042210520487970e-01
-3.155451132855091601e-01
-3.127938967779186896e-01
-3.101464715442148190e-01
-3.075988844273069844e-01
-3.051473246713953813e-01
-3.027881197994020113e-01
-3.005177308367024125e-01
-2.983327480535535869e-01
-5.158993710253412246e-01
-6.639884356815173305e-01
-7.445621999082163711e-01
-7.874796555896068639e-01
-8.112079320852672026e-01
-8.250905585640566642e-01
-8.336980176906649831e-01
-8.259064463587151295e-01
-8.124437990431943035e-01
-7.966943238542967265e-01
-7.799408797509954638e-01
-7.627980277348456184e-01
-7.456055388900040271e-01
-7.285663969042843746e-01
-7.118067638756997439e-01
-6.954062666039817486e-01
-6.794149225640921941e-01
-6.638632609906380821e-01
-6.487686642955736716e-01
-6.341394801452793217e-01
-6.199777610675027972e-01
-6.062811312773419559e-01
-5.930440838369577250e-01
-5.802588975129197024e-01
-5.679162946989890770e-01
-5.560059197378564022e-01
-5.445166905971632332e-01
-5.334370612601446737e-01
-5.227552157904824526e-01
-5.124592131437566422e-01
-5.025370977961074459e-01
-4.929769840728681629e-01
-4.837671191680215088e-01
-4.748959301863919791e-01
-4.663520594277770215e-01
-4.581243896282671813e-01
-4.502020624215674616e-01
-4.425744922286867222e-01
-4.352313718413824972e-01
-4.281626793783743778e-01
-4.213586804453939294e-01
-4.148099281039208108e-01
-4.085072613676743458e-01
-4.024418025338150073e-01
-3.966049533360660462e-01
-3.909883903659761017e-01
-3.855840599584325901e-01
-3.803841727119561256e-01
-3.753811975656162758e-01
-3.705678556485736408e-01
-3.659371140130929234e-01
-3.614821793036071540e-01
-3.571964913149372478e-01
-3.530709438905432762e-01
-3.491026702121757808e-01
-3.452856977588680820e-01
-3.416142684301348709e-01
-3.380828360562304624e-01
-3.346860588166578054e-01
-3.314144526058271367e-01
-3.282545417334858939e-01
-3.251894253466502960e-01
-3.222060239210122745e-01
-3.192959790638383311e-01
-3.164556345808478000e-01
-3.136849030198618493e-01
-3.109869653485475283e-01
-3.083672274527771151e-01
-3.058315206388328988e-01
-3.033845721432726350e-01
-3.010292630563071725e-01
-2.987665657471438863e-01
-2.965927962108594329e-01
-2.945081352521583540e-01
-2.925106007893418791e-01
-2.905973204221368178e-01
-2.887650432256805288e-01
-2.870103723040529076e-01
-2.853298923582769930e-01
-2.837202440247210689e-01
-2.821781670590439717e-01
-2.807005240029525339e-01
-2.792843117376264672e-01
-4.106435924242646252e-01
-5.011499114488060513e-01
-5.509440055575964834e-01
-6.973133237607953561e-01
-7.933287599669824885e-01
-8.465175724452933537e-01
-8.759869530436503737e-01
-8.851047350347585052e-01
-8.854521487819511094e-01
-8.815508331039723089e-01
-8.680131469404273048e-01
-8.511062953971304523e-01
-8.328923881734340284e-01
-8.141941799280516534e-01
-7.954236264353653496e-01
-7.768149100400023599e-01
-7.585098619898644756e-01
-7.405967194017648580e-01
-7.231304225285839493e-01
-7.061443148018042848e-01
-6.896573027660224398e-01
-7.929766510230251697e-01
-8.588521845808827493e-01
-8.888036053946279935e-01
-8.989028339783544652e-01
-8.990831385304431933e-01
-8.943778183819972583e-01
-8.872475265590651361e-01
-8.714810731234479135e-01
-8.529836134982815565e-01
-8.336138500126821782e-01
-8.140662344857219068e-01
-7.946676842806255081e-01
-7.755941328213111774e-01
-7.569464717221308092e-01
-7.387835383966034897e-01
-7.211387714221473288e-01
-7.040295341965929765e-01
-6.874626869816324870e-01
-6.714380778618078693e-01
-6.559508075966391516e-01
-6.409927394685155377e-01
-6.265535281102074805e-01
-6.126213341346442576e-01
-5.991833289527903617e-01
-5.862260563276322500e-01
-5.737356945900273786e-01
-5.616982486088772930e-01
-5.500996913468725324e-01
-5.389260687465480260e-01
-5.281635797445005664e-01
-5.177986305184845151e-01
-5.078178774070352119e-01
-4.982082575793356227e-01
-4.889570121591191310e-01
-4.800517008234805871e-01
-4.714802126670747384e-01
-4.632307716121886187e-01
-4.552919391031196028e-01
-4.476526145055004235e-01
-4.403020338415331025e-01
-4.332297646058691498e-01
-4.264257027472240225e-01
-4.198800674103608799e-01
-4.135833949362677231e-01
-4.075265322228460718e-01
-4.017006298369096839e-01
-3.960971349385999929e-01
-3.907077839343742198e-01
-3.855245949111463233e-01
-3.805398600931653164e-01
-3.757461383244731223e-01
-3.711362475598889432e-01
-3.667032573204664914e-01
-3.624404812569537171e-01
-3.583414698496767414e-01
-3.544000032064786865e-01
-3.506100839402392921e-01
-3.469659301714500543e-01
-3.434619687126883036e-01
-3.400928283852522327e-01
-3.368533334651147015e-01
-3.337325944741564854e-01
-3.307326945133581830e-01
-3.278404525943301451e-01
-3.250567711631902057e-01
-3.223789727314851916e-01
-3.198034344706002230e-01
-3.173263647738622240e-01
-3.149460963783212719e-01
-3.126565830385175104e-01
-3.104543222121947110e-01
-3.083359322729961605e-01
-3.062981502239381371e-01
-3.043378306685440293e-01
-3.024519437161643509e-01
-3.006375721056997463e-01
-2.988919075932017222e-01
-2.972122478979599691e-01
-2.955959932151586145e-01
-2.940406427356379027e-01
-2.925437913063433371e-01
-2.911031258690854884e-01
-2.897164221209891366e-01
-2.883815414335799687e-01
-2.870964277434495671e-01
-2.858591045125535857e-01
-2.846676718320395594e-01
-2.835203035914446446e-01
-2.824152445668914879e-01
-2.813508078830295744e-01
-2.803253724749765752e-01
-2.793373806056820285e-01
-2.783853354813459191e-01
-2.774677989435758718e-01
-2.765833892397040472e-01
-2.757307788868956777e-01
-2.749086926073118775e-01
-2.741159053840647175e-01
-2.733512404276439156e-01
-2.726135673754015443e-01
-2.719018005194584475e-01
-2.712148970957173333e-01
-2.705518556211927717e-01
-2.699117143137641506e-01
-2.692901140989079067e-01
-2.686786448336420108e-01
-2.680676848470397999e-01
-2.674495923315589607e-01
-2.668203184711614995e-01
-2.661794157603480926e-01
-3.711678670782703193e-01
-4.439457307327643321e-01
-4.842910270767220027e-01
-5.061376879694989839e-01
-5.184019215107582568e-01
-5.256920969273437549e-01
-5.302959014670705074e-01
-5.268123711786643071e-01
-5.204346576491047927e-01
-5.128742255351426138e-01
-5.047904906163580563e-01
-4.965011716876688297e-01
-4.881817617530259668e-01
-4.799366870258836570e-01
-4.718304636384118567e-01
-4.639034763258109706e-01
-4.561808003359146824e-01
-4.486774738964527387e-01
-4.414017990313823248e-01
-4.343574766508595530e-01
-4.275450278669268300e-01
-4.209627594548237539e-01
-4.146074319635317806e-01
-5.258538794734590738e-01
-6.009590760271521503e-01
-6.403040351969480071e-01
-6.594971477397848503e-01
-6.683901396456803923e-01
-6.720330602448143509e-01
-6.729164671241960605e-01
-6.650038994280293991e-01
-6.540718388194477484e-01
-6.419906203134928546e-01
-6.294724004192175926e-01
-6.168574364380674524e-01
-6.043320561033738159e-01
-5.920005368977854232e-01
-5.799329782917084231e-01
-5.681710022059860421e-01
-5.567341787099167050e-01
-5.456391294771378853e-01
-5.348929174360250727e-01
-5.244969891350592661e-01
-5.144491778168003293e-01
-5.047448765125750469e-01
-4.953778069250347471e-01
-4.863405485906469039e-01
-4.776249133485066523e-01
-4.692222147710367608e-01
-4.611234640819361630e-01
-4.533195144261981113e-01
-4.458011678863726956e-01
-4.385592547706096411e-01
-4.315846911751464177e-01
-4.248685238934513109e-01
-4.184019623039603175e-01
-4.121764016218776305e-01
-4.061794243639837987e-01
-4.004054662829048539e-01
-3.948473777668937146e-01
-3.894977017651513052e-01
-3.843490493721901657e-01
-3.793941993066596297e-01
-3.746261292619124106e-01
-3.700380266153047160e-01
-3.656232913513690619e-01
-3.613721275868897465e-01
-3.572823471486685776e-01
-3.533478870494377588e-01
-3.495628942729922528e-01
-3.459217257258728750e-01
-5.342810439984191362e-01
-6.625661419363382265e-01
-7.320078832421472725e-01
-7.684837137119870931e-01
-7.881227845544458432e-01
-7.991247543074564419e-01
-8.055130802461007988e-01
-7.975377053512033854e-01
-7.845795863914872825e-01
-7.696325921401125925e-01
-7.538321252326340982e-01
-7.377225604045634100e-01
-7.216044572146529390e-01
-7.056568622274994596e-01
-6.899905707328457538e-01
-6.746750512959920343e-01
-6.597534955176342919e-01
-6.452518165218634749e-01
-6.311842861904892743e-01
-6.175571899163401213e-01
-6.043712609141493886e-01
-5.916233384851921073e-01
-5.792999746006444184e-01
-5.674023017846252515e-01
-5.559209100525208669e-01
-5.448454936868074583e-01
-5.341651723895779469e-01
-5.238687173445555345e-01
-5.139447156210508183e-01
-5.043841612845767486e-01
-4.951727546725237517e-01
-4.862992260967757829e-01
-5.667791060233184908e-01
-6.201564791780356245e-01
-6.465984126464263682e-01
-6.578647602495379942e-01
-6.614145444942209906e-01
-6.610822840869445827e-01
-6.587612408168297407e-01
-6.498457093002230067e-01
-6.387236283700303829e-01
-6.268226434073653763e-01
-6.146856722764937331e-01
-6.025704501752215947e-01
-5.906165728433165896e-01
-5.789047933348001607e-01
-6.555524037395343839e-01
-7.051915812979814291e-01
-7.282542637994993129e-01
-7.364312923130000854e-01
-7.370939984113533683e-01
-7.340216001239241450e-01
-7.290771816300889441e-01
-7.176915293726437994e-01
-7.042148806462478206e-01
-6.900527420327762229e-01
-8.107581905022698265e-01
-8.886548594986720673e-01
-9.255269312205882670e-01
-9.396642878698457935e-01
-9.423723281969387244e-01
-9.393867210235384846e-01
-9.335187764520469500e-01
-9.177824513599830425e-01
-8.988550982053311600e-01
-8.788467298558089169e-01
-8.585505435050322376e-01
-8.383428717550600595e-01
-8.184282250041974294e-01
-7.989253958342601436e-01
-7.799049691570303366e-01
-7.614083213269395856e-01
-7.434582577829473848e-01
-7.260653801253624806e-01
-7.092321024018133357e-01
-6.929552617194190134e-01
-6.772278599626702089e-01
-6.620402539596170755e-01
-6.473809848912992493e-01
-6.332373660612233834e-01
-6.195959051481736424e-01
-6.064426111734633196e-01
-5.937632201224118944e-01
-5.815433618707288588e-01
-5.697686844570171161e-01
-5.584249467972313141e-01
-5.474980878304336329e-01
-5.369742783202013925e-01
-5.268399599486883744e-01
-6.831122355450247596e-01
-7.875099063340940120e-01
-8.413385953758734104e-01
-8.669481396552214392e-01
-8.782476444352482758e-01
-8.823052891699489919e-01
-8.825861242328869594e-01
-8.705690454647196930e-01
-8.544052863342699311e-01
-8.366902292308964206e-01
-8.184037834439550352e-01
-9.062018351798428739e-01
-9.603619632130744321e-01
-9.824558861296850409e-01
-9.868559942162846710e-01
-9.824483186221755204e-01
-9.737470969568562396e-01
-9.629672553700174831e-01
-9.445768573684176772e-01
-9.238568620446585555e-01
-9.024662742774580693e-01
-8.810299868770243847e-01
-8.598425932774489411e-01
-8.390623104176597735e-01
-8.187792137064775488e-01
-7.990449965717516534e-01
-7.798880723299816964e-01
-7.613220600816816841e-01
-7.433508760456675191e-01
-7.259719308095213819e-01
-7.091733859326154743e-01
-6.929484792934204052e-01
-6.772861553528741752e-01
-6.621733423230580229e-01
-6.475958830392869459e-01
-6.335389961620307986e-01
-6.199813170354673275e-01
-6.069150184501381773e-01
-5.943153070148810002e-01
-5.821779704533014410e-01
-5.704876183500573461e-01
-5.592291592023457270e-01
-5.483878487083870823e-01
-5.379513442747452245e-01
-5.278862667069006420e-01
-5.182022664101282317e-01
-5.088821066522086767e-01
-4.999126122456232224e-01
-4.912810568413306100e-01
-4.829751439231699806e-01
-4.749829942838346142e-01
-4.672987860260491288e-01
-5.748505055947816800e-01
-6.472986302895833433e-01
-6.847809765034185148e-01
-7.025210375829260556e-01
-7.101723049615316086e-01
-7.126954671221596982e-01
-7.125406009919288408e-01
-7.037951047323076637e-01
-6.921079183626943632e-01
-6.793156037957714943e-01
-6.661115448409304918e-01
-6.528205608702819518e-01
-6.396176251783458611e-01
-6.266060954530416893e-01
-6.138510421308751575e-01
-6.013950577042237455e-01
-5.892674369945893886e-01
-5.774888450744697366e-01
-5.660731375769501028e-01
-5.550207322883693450e-01
-5.443431516539476434e-01
-5.340293285030384141e-01
-5.240853654200350320e-01
-5.145037751347558697e-01
-5.052755543388798287e-01
-4.963907498506614502e-01
-4.878337381143182938e-01
-4.795958826420587684e-01
-4.716710472564500378e-01
-4.640454625047141235e-01
-4.567088539147334814e-01
-4.496510307546941476e-01
-4.428619855772808478e-01
-4.363319449254277060e-01
-4.300513987729459586e-01
-4.240111167533200387e-01
-4.182021556545123531e-01
-4.126158619158104557e-01
-4.072438707339642860e-01
-4.020781028543751745e-01
-3.971107595447165295e-01
-3.923343165240567032e-01
-3.877415172141240873e-01
-3.833253655514567981e-01
-3.790791184400177372e-01
-3.749962780503324211e-01
-3.710705840816785894e-01
-3.672960061209096239e-01
-3.636667360467527033e-01
-3.601771805406883686e-01
-3.568219537427808064e-01
-3.535958700965124990e-01
-3.504939374153082099e-01
-3.475113500797988308e-01
-3.446434824510902217e-01
-3.418858824758785886e-01
-3.392342655075708535e-01
-3.366845083192515631e-01
-3.342291944775865886e-01
-3.318667524666807367e-01
-3.295942214350588984e-01
-3.274083182091658273e-01
-3.253057540518966562e-01
-3.232833165597526204e-01
-3.213378937047650652e-01
-3.194664808361835640e-01
-3.176661816880255174e-01
-3.159342069480430837e-01
-3.142678717480862360e-01
-3.126645926755600158e-01
-3.111218845475605121e-01
-3.096373570926402863e-01
-3.082052972388282797e-01
-3.068257152051501180e-01
-3.054971915659621118e-01
-3.042179318583748682e-01
-3.029860819935947802e-01
-3.017998114458464443e-01
-3.006573388290689763e-01
-2.995569405385367645e-01
-2.984969536441894888e-01
-2.974757761307955661e-01
-2.964873149196023405e-01
-2.955330304160952437e-01
-2.946124323173648918e-01
-2.937244792221349599e-01
-2.928679991981653075e-01
-2.920418018234727242e-01
-2.912447142165319747e-01
-2.904755944783232735e-01
-2.897333370199817182e-01
-2.890168745608434619e-01
-2.883251785519291843e-01
-2.876572588291992361e-01
-2.870121628419042281e-01
-2.863889746620884580e-01
-2.857868138633534727e-01
-2.852048344294644266e-01
-2.846422234114243111e-01
-2.840981998147640297e-01
-2.835720134328312270e-01
-2.830629437141851668e-01
-2.825702986356759538e-01
-2.820934136153141480e-01
-2.816316504677729426e-01
-2.811843963840487959e-01
-2.807510629523335410e-01
-2.803310852101503770e-01
-2.799211710538429543e-01
-2.795147713911205756e-01
-2.791043380881319536e-01
-2.786838665613800003e-01
-2.782501875643106359e-01
-2.778029862795960980e-01
-2.773441238176133083e-01
-2.768720172724670192e-01
-2.763957745585798875e-01
-2.759223744320138394e-01
-2.754573245852043328e-01
-2.750046471618361466e-01
-2.745669544552242769e-01
-2.741456887591198210e-01
-2.737414166759322143e-01
-2.733540990021765538e-01
-2.729833050480579004e-01
-2.726283689852948555e-01
-2.722849516942460468e-01
-2.719544957329844692e-01
-2.716368699282156740e-01
-2.713314882669237704e-01
-2.710376549416082526e-01
-2.707546619163281321e-01
-2.704818223406846300e-01
-2.702184834092236088e-01
-2.699640311263351578e-01
-2.697178913848574666e-01
-2.694795292399021491e-01
-2.692484472547107544e-01
-2.690241834088169526e-01
-2.688063088086778407e-01
-2.685944253755678801e-01
-2.683881635874740823e-01
-2.681871803034141521e-01
-2.679911567341264345e-01
-2.677997965321310403e-01
-2.676128240210573495e-01
-2.674299825699222311e-01
-2.672510330896216146e-01
-2.670757526487932410e-01
-2.669039332090505923e-01
-2.667353804682193186e-01
-2.665699127902598775e-01
-2.664073602431926702e-01
-2.662475637052352795e-01
-2.660903740434150677e-01
-2.659356513774469022e-01
-2.657832643933488725e-01
-2.656330897181646833e-01
-2.654850113472662088e-01
-2.653389201185518687e-01
-2.651947132278564823e-01
-2.650522937926780287e-01
-2.649115704386417747e-01
-2.647724569285969665e-01
-2.646348718158719748e-01
-2.644987381302144058e-01
