-3.229714916486159382e+00
-1.268305961970384033e+00
-8.654039146250624981e-01
-6.655988957930958350e-01
-5.445322855507583881e-01
-4.632761850416500238e-01
-4.050564649830334929e-01
-3.613320388367924352e-01
-3.272781172015015727e-01
-2.999710604584038265e-01
-2.775470887144138032e-01
-2.587702431327443264e-01
-2.427934387341679212e-01
-2.290189775209228173e-01
-2.170137937497429448e-01
-2.064563335636648844e-01
-1.971023898207135971e-01
-1.887626276513287849e-01
-1.812874882674009314e-01
-1.745568428944466177e-01
-1.684727614900793924e-01
-1.629543603371530480e-01
-1.579340628623526754e-01
-1.533548367461889939e-01
-1.491681168076297581e-01
-1.453322196766748675e-01
-1.418111158486112799e-01
-1.385734659336890218e-01
-1.355918551340096201e-01
-1.328421782545774477e-01
-1.303031411168831255e-01
-1.279558528310076326e-01
-1.257834895639575734e-01
-1.237710151954729554e-01
-1.219049476418376798e-01
-1.201731622018087364e-01
-1.185647249400290093e-01
-1.170697507433260398e-01
-1.156792818946428270e-01
-1.143851836062026450e-01
-1.131800537322646960e-01
-1.120571443550488766e-01
-1.110102934390511109e-01
-1.100338650061871704e-01
-1.091226965044711505e-01
-1.082720524408387064e-01
-1.074775834013053100e-01
-1.067352896924944616e-01
-1.060414890005745292e-01
-1.053927875346971632e-01
-1.047860542371381598e-01
-1.042183976537103263e-01
-1.036871451347565198e-01
-1.031898241151907314e-01
-1.027241452590033077e-01
-1.022879872152770986e-01
-1.018793828336583829e-01
-1.014965066644890612e-01
-1.011376636085969949e-01
-1.008012785973733116e-01
-1.004858872036606954e-01
-1.001901270768712493e-01
-9.991273010712120595e-02
-9.965251527432883449e-02
-9.940838211974778460e-02
-9.917930475182856753e-02
-9.896432635514429421e-02
-9.876255414980050773e-02
-9.857315475585437525e-02
-9.839534993147935893e-02
-9.822841265076931450e-02
-9.807166348991813720e-02
-9.792446728482673279e-02
-9.778623006297948450e-02
-9.765639619416788264e-02
-9.753444576432457325e-02
-9.741989213694068894e-02
-9.731227970348754752e-02
-9.721118179015775240e-02
-9.711619873513654966e-02
-9.702695608240219372e-02
-9.694310292189811662e-02
-9.686431033770759313e-02
-9.679026997275741451e-02
-9.672069268447103241e-02
-9.665530730700311324e-02
-9.659385948310728054e-02
-9.653611058979549853e-02
-9.648183672794630183e-02
-9.643082778723055526e-02
-9.638288656788063236e-02
-9.633782796214518385e-02
-9.629547819685058130e-02
-9.625567411433166853e-02
-9.621826251162701737e-02
-9.618309951804349112e-02
-9.615005000966903026e-02
-9.611898707220234428e-02
-9.608979148367779999e-02
-9.606235124834938688e-02
-9.603656114052228077e-02
-9.601232229528022799e-02
-9.598954181768704075e-02
-9.596813240762003261e-02
-9.594801203007818913e-02
-9.592910358264816750e-02
-9.591133460133960398e-02
-9.589463697352584859e-02
-9.587894667788532388e-02
-9.586420353002722550e-02
-9.585035095796001769e-02
-9.583733577613884336e-02
-9.582510797940813063e-02
-9.581362055968156710e-02
-9.580282931835881755e-02
-9.579269269579526735e-02
-9.578317161640370614e-02
-9.577422933944035321e-02
-9.576583131405413951e-02
-9.575794505138901513e-02
-9.575053999810734240e-02
-9.574358742696631452e-02
-9.573706031602569055e-02
-9.573093325627723971e-02
-9.572518235216875837e-02
-9.571978513065459993e-02
-9.571472045308837551e-02
-9.570996844132650949e-02
-9.570551039814745309e-02
-9.570132874046066718e-02
-9.569740692825234873e-02
-9.569372940632092650e-02
-9.569028154317038570e-02
-9.568704957700902014e-02
-9.568402056316926974e-02
-9.568118232579081450e-02
-9.567852341376692493e-02
-9.567603305669081237e-02
-9.567370112080197941e-02
-9.567151807630125404e-02
-9.566947495898148190e-02
-9.566756333754256048e-02
-9.566577528090647320e-02
-9.566410332979558007e-02
-9.566254046546873724e-02
-9.566108008982610045e-02
-9.565971599272415915e-02
-9.565844233634379634e-02
-9.565725362818966460e-02
-9.565614470119498947e-02
-9.565511069666854382e-02
-9.565414704297836579e-02
-9.565324944418307496e-02
-9.565241385729450485e-02
-9.565163647664576274e-02
-9.565091372820688775e-02
-9.565024224684748333e-02
-9.564961887065237534e-02
-9.564904062386858641e-02
-9.564850470979990860e-02
-9.564800849517496317e-02
-9.564754950730502969e-02
-9.564712541987319128e-02
-9.564673404440782178e-02
-9.564637332317715845e-02
-9.564604132208387455e-02
-9.564573622213856652e-02
-9.564545631519649760e-02
-9.564519999116782856e-02
-9.564496574085978864e-02
-9.564475214318690632e-02
-9.564455786232883838e-02
-9.564438164204602799e-02
-9.564422230567970473e-02
-9.564407874051994440e-02
-9.564394990775326733e-02
-9.564383482683069815e-02
-9.564373257830993680e-02
-9.564364229817101659e-02
-9.564356317355304782e-02
-9.564349444133313227e-02
-9.564343538670527778e-02
-9.564338533465388537e-02
-9.564334365705917662e-02
-9.564330975706525351e-02
-9.564328307902769666e-02
-9.564326309998705256e-02
-9.564324932966883352e-02
-9.564324130764134679e-02
-9.564323860189460902e-02
-9.564324080741926082e-02
-9.564324754336439582e-02
-9.564325845303756068e-02
-9.564327320390475506e-02
-9.564329148190608976e-02
-9.564331299429795763e-02
-9.564333746396869174e-02
-9.564336463512290720e-02
-9.564339426617607387e-02
-9.564342613117560177e-02
-9.564346001837975564e-02
-9.564349573167874041e-02
-9.564353308491035932e-02
-9.564357190612327031e-02
-9.564361203331372963e-02
-9.564365331726776276e-02
-9.564369561445573709e-02
-9.564373879555887470e-02
-9.564378273694273958e-02
-9.564382732492049399e-02
-9.564387245291072759e-02
-9.564391802285854283e-02
-9.564396394097229859e-02
-9.564401012198686658e-02
-9.564405648774254587e-02
-9.564410296434289194e-02
-9.564414948073363121e-02
-9.564419597580808841e-02
-9.564424239130175920e-02
-9.564428867037122473e-02
-9.564433476469957895e-02
-9.564438062881208680e-02
-9.564442622007618411e-02
-9.564447149728039221e-02
-9.564451642631865980e-02
-9.564456097450602101e-02
-9.564460511199968096e-02
-9.564464881037793020e-02
-9.564469204690340121e-02
-9.564473479741764095e-02
-9.564477704202545283e-02
-9.564481876367381119e-02
-9.564485994388860490e-02
-9.564490056988006472e-02
-9.564494062885842141e-02
-9.564498010945499118e-02
-9.564501900030109027e-02
-9.564505729571237680e-02
-9.564509498716233793e-02
-9.564513206754554631e-02
-9.564516853401983099e-02
-9.564520438232193555e-02
-9.564523960960968907e-02
-9.564527421446200606e-02
-9.564530819403671558e-02
-9.564534154833381763e-02
-9.564537428019548315e-02
-9.564540638820062668e-02
-9.564543787519141915e-02
-9.564546874258894604e-02
-9.564549899465646376e-02
-9.564552863281505779e-02
-9.564555766132798453e-02
-9.564558608587958588e-02
-9.564561390931203277e-02
-9.564564113588858163e-02
-9.564566777271465980e-02
-9.564569382547460918e-02
-9.564571929701060071e-02
-9.564574419584914722e-02
-9.564576852767459059e-02
-9.564579229959235818e-02
-9.564581551586570640e-02
-9.564583818502114809e-02
-9.564586031274302513e-02
-9.564588190755785035e-02
-9.564590297514996564e-02
-9.564592352262479835e-02
-9.564594355850886132e-02
-9.564596308990758189e-02
-9.564598212250530196e-02
-9.564600066482853435e-02
-9.564601872540379190e-02
-9.564603630991541650e-02
-9.564605342688992096e-02
-9.564607008343273264e-02
-9.564608628522819345e-02
-9.564610204364498713e-02
-9.564611736294637012e-02
-9.564613225165885524e-02
-9.564614671688786984e-02
-9.564616076573884129e-02
-9.564617440673828241e-02
-9.564618764557053510e-02
-9.564620049076211217e-02
-9.564621294799735551e-02
-9.564622502580277796e-02
-9.564623673128380688e-02
-9.564624807012478414e-02
-9.564625904943113710e-02
-9.564626967772937860e-02
-9.564627995928276505e-02
-9.564628990403889475e-02
-9.564629951483993864e-02
-9.564630880163349502e-02
-9.564631776868282032e-02
-9.564632642309334187e-02
-9.564633477054940158e-02
-9.564634281815642680e-02
-9.564635057301984489e-02
-9.564635803940291225e-02
-9.564636522441105626e-02
-9.564637213372861879e-02
-9.564637877303994173e-02
-9.564638514660828150e-02
-9.564639126296015093e-02
-9.564639712635880642e-02
-9.564640274248858987e-02
-9.564640811703384315e-02
-9.564641325425782270e-02
-9.564641815984487039e-02
-9.564642283947932810e-02
-9.564642729884553773e-02
-9.564643154078567022e-02
-9.564643557240515293e-02
-9.564643939796724226e-02
-9.564644302173519463e-02
-9.564644644797226647e-02
-9.564644968378388512e-02
-9.564645273059113606e-02
-9.564645559549944664e-02
-9.564645827992990235e-02
-9.564646079240901599e-02
-9.564646313293678759e-02
-9.564646530719755901e-02
-9.564646732087567216e-02
-9.564646917539221249e-02
-9.564647087643152190e-02
-9.564647242825685680e-02
-9.564647383371038813e-02
-9.564647509563428684e-02
-9.564647621971289482e-02
-9.564647720736729752e-02
-9.564647806428183685e-02
-9.564647879187759827e-02
-9.564647939583892366e-02
-9.564647987758689851e-02
-9.564648024138477922e-02
-9.564648049007473674e-02
-9.564648062792002747e-02
-9.564648065634173690e-02
-9.564648057818203597e-02
-9.564648039770418109e-02
-9.564648011775034320e-02
-9.564647974116269324e-02
-9.564647926936231670e-02
-9.564647870661246998e-02
-9.564647805433423855e-02
-9.564647731679087883e-02
-9.564647649540347629e-02
-9.564647559301420188e-02
-9.564647461246522653e-02
-9.564647355517763572e-02
-9.564647242399360039e-02
-9.564647122175529148e-02
-9.564646994988379447e-02
-9.564646861122128030e-02
-9.564646720718883444e-02
-9.564646574062862783e-02
-9.564646421438283141e-02
-9.564646262987253067e-02
-9.564646098709772559e-02
-9.564645929174275807e-02
-9.564645754238654263e-02
-9.564645574187125021e-02
-9.564645389303905176e-02
-9.564645199731103276e-02
-9.564645005610827866e-02
-9.564644807085187495e-02
-9.564644604438399256e-02
-9.564644397670463150e-02
-9.564644186923487723e-02
-9.564643972623798618e-02
-9.564643754629287287e-02
-9.564643533366279371e-02
-9.564643308692666324e-02
-9.564643080892665239e-02
-9.564642850108384664e-02
-9.564642616481933146e-02
-9.564642380155419232e-02
-9.564642141270951470e-02
-9.564641899828529858e-02
-9.564641656112371493e-02
-9.564641409980367825e-02
-9.564641162000953045e-02
-9.564640911889910058e-02
-9.564640659789347410e-02
-9.564640406125590744e-02
-9.564640150614422964e-02
-9.564639893682169713e-02
-9.564639635186722444e-02
-9.564639375412298250e-02
-9.564639114216788585e-02
-9.564638852026519089e-02
-9.564638588699381216e-02
-9.564638324235374967e-02
-9.564638059060825981e-02
-9.564637792891517165e-02
-9.564637526153774161e-02
-9.564637258705488421e-02
-9.564636990546659945e-02
-9.564636721961505827e-02
-9.564636452950026069e-02
-9.564636183654329216e-02
-9.564635913932306721e-02
-9.564635644068175679e-02
-9.564635374061936091e-02
-9.564635103913587955e-02
-9.564634833765239819e-02
-9.564634563616891683e-02
-9.564634293468543547e-02
-9.564634023604412505e-02
-9.564633753882390010e-02
-9.564633484444584610e-02
-9.564633215290996304e-02
-9.564632946563733640e-02
-9.564632678120688070e-02
-9.564632410246076688e-02
-9.564632142797790948e-02
-9.564631875917939396e-02
-9.564631609606522034e-02
-9.564631344005647406e-02
-9.564631078973206968e-02
-9.564630814793417812e-02
-9.564630551182062845e-02
-9.564630288565467708e-02
-9.564630026659415307e-02
-9.564629765606014189e-02
-9.564629505405264354e-02
-9.564629246199274348e-02
-9.564628987845935626e-02
-9.564628730629465281e-02
-9.564628474265646219e-02
-9.564628219038695534e-02
-9.564627964948613226e-02
-9.564627711853290748e-02
-9.564627459894836647e-02
-9.564627209073250924e-02
-9.564626959388533578e-02
-9.564626710982793156e-02
-9.564626463713921112e-02
-9.564626217724025992e-02
-9.564625973013107796e-02
-9.564625729439057977e-02
-9.564625487286093630e-02
-9.564625246269997660e-02
-9.564625006817095709e-02
-9.564624768501062135e-02
-9.564624531606114033e-02
-9.564624295990142855e-02
-9.564624061937365695e-02
-9.564623829163565460e-02
-9.564623597810850697e-02
-9.564623367737112858e-02
-9.564623139226569037e-02
-9.564622912137110688e-02
-9.564622686468737811e-02
-9.564622462363558952e-02
-9.564622239537357018e-02
-9.564622018274349102e-02
-9.564621798574535205e-02
-9.564621580153698233e-02
-9.564621363438163826e-02
-9.564621148001606343e-02
-9.564620934270351427e-02
-9.564620721960181982e-02
-9.564620511071098008e-02
-9.564620301887316600e-02
-9.564620094124620664e-02
-9.564619887783010199e-02
-9.564619683146702300e-02
-9.564619479931479873e-02
-9.564619278137342917e-02
-9.564619078048508527e-02
-9.564618879380759608e-02
-9.564618682418313256e-02
-9.564618486734843827e-02
-9.564618292756676965e-02
-9.564618100341704121e-02
-9.564617909347816749e-02
-9.564617719917123395e-02
-9.564617531907515513e-02
-9.564617345603210197e-02
-9.564617160719990352e-02
-9.564616977399964526e-02
-9.564616795643132718e-02
-9.564616615307386382e-02
-9.564616436534834065e-02
-9.564616259183367220e-02
-9.564616083537202940e-02
-9.564615909170015584e-02
-9.564615736508130794e-02
-9.564615565267331476e-02
-9.564615395447617630e-02
-9.564615227191097802e-02
-9.564615060355663445e-02
-9.564614895083423107e-02
-9.564614731232268241e-02
-9.564614568802198846e-02
-9.564614407935323470e-02
-9.564614248489533566e-02
-9.564614090464829133e-02
-9.564613933861210171e-02
-9.564613778820785228e-02
-9.564613625059337210e-02
-9.564613472861083210e-02
-9.564613321941806134e-02
-9.564613172585723078e-02
-9.564613024508616945e-02
-9.564612877994704832e-02
-9.564612732759769642e-02
-9.564612588945919924e-02
-9.564612446553155678e-02
-9.564612305439368356e-02
-9.564612165746666506e-02
-9.564612027332941580e-02
-9.564611890340302125e-02
-9.564611754768748142e-02
-9.564611620476171083e-02
-9.564611487462570949e-02
-9.564611355870056286e-02
-9.564611225414410001e-02
-9.564611096379849187e-02
-9.564610968766373844e-02
-9.564610842289766879e-02
-9.564610717092136838e-02
-9.564610593173483721e-02
-9.564610470533807529e-02
-9.564610349173108261e-02
-9.564610229091385918e-02
-9.564610110288640499e-02
-9.564609992622763457e-02
-9.564609876235863339e-02
-9.564609760985831599e-02
-9.564609647014776783e-02
-9.564609534322698892e-02
-9.564609422625380830e-02
-9.564609312349148240e-02
-9.564609203067675480e-02
-9.564609095065179645e-02
-9.564608988057443639e-02
-9.564608882328684558e-02
-9.564608777736793854e-02
-9.564608674281771528e-02
-9.564608571963617578e-02
-9.564608470782332006e-02
-9.564608370595806264e-02
-9.564608271688257446e-02
-9.564608173775468458e-02
-9.564608076857439301e-02
-9.564607981076278520e-02
-9.564607886431986117e-02
-9.564607792782453544e-02
-9.564607700269789348e-02
-9.564607608751884982e-02
-9.564607518228740446e-02
-9.564607428700355740e-02
-9.564607340308839412e-02
-9.564607252769974366e-02
-9.564607166367977698e-02
-9.564607080960740859e-02
-9.564606996406155304e-02
-9.564606912988438125e-02
-9.564606830423372230e-02
-9.564606748853066165e-02
-9.564606668277519930e-02
-9.564606588696733525e-02
-9.564606509968598402e-02
-9.564606432093114563e-02
-9.564606355212390554e-02
-9.564606279326426375e-02
-9.564606204293113478e-02
-9.564606130112451865e-02
-9.564606056784441535e-02
-9.564605984451191034e-02
-9.564605912970591817e-02
-9.564605842200535335e-02
-9.564605772425238683e-02
-9.564605703502593315e-02
-9.564605635432599229e-02
-9.564605568215256426e-02
-9.564605501708456359e-02
-9.564605436196416122e-02
-9.564605371394918620e-02
-9.564605307303963855e-02
-9.564605244207768919e-02
-9.564605181822116720e-02
-9.564605120147007256e-02
-9.564605059324549075e-02
-9.564604999212633629e-02
-9.564604939953369467e-02
-9.564604881404648040e-02
-9.564604823566469349e-02
-9.564604766580941941e-02
-9.564604710163848722e-02
-9.564604654599406786e-02
-9.564604599745507585e-02
-9.564604545602151120e-02
-9.564604492169337391e-02
-9.564604439304957850e-02
-9.564604387293229593e-02
-9.564604335992044071e-02
-9.564604285259292737e-02
-9.564604235237084140e-02
-9.564604185783309731e-02
-9.564604137182186605e-02
-9.564604089149497668e-02
-9.564604041685242919e-02
-9.564603994931530906e-02
-9.564603948888361629e-02
-9.564603903413626540e-02
-9.564603858507325640e-02
-9.564603814311567476e-02
-9.564603770684243500e-02
-9.564603727625353713e-02
-9.564603685134898114e-02
-9.564603643354985252e-02
-9.564603602001398031e-02
-9.564603561358353545e-02
-9.564603521283743248e-02
-9.564603481777567140e-02
-9.564603442697716673e-02
-9.564603404328408942e-02
-9.564603366527535400e-02
-9.564603329152987499e-02
-9.564603292346873786e-02
-9.564603256109194263e-02
-9.564603220439948927e-02
-9.564603185339137781e-02
-9.564603150664652276e-02
-9.564603116416492412e-02
-9.564603082878875284e-02
-9.564603049625475251e-02
-9.564603017082617953e-02
-9.564602984823977749e-02
-9.564602953275880282e-02
-9.564602922011999908e-02
-9.564602891316553723e-02
-9.564602861047433180e-02
-9.564602831346746825e-02
-9.564602802072386112e-02
-9.564602773224351040e-02
-9.564602744802641610e-02
-9.564602716807257821e-02
-9.564602689380308220e-02
-9.564602662237575714e-02
-9.564602635663277397e-02
-9.564602609515304721e-02
-9.564602583651549139e-02
-9.564602558356227746e-02
-9.564602533345123447e-02
-9.564602508902453337e-02
-9.564602484744000321e-02
-9.564602461011872947e-02
-9.564602437706071214e-02
-9.564602414826595123e-02
-9.564602392231336125e-02
-9.564602370062402770e-02
-9.564602348319795055e-02
-9.564602327003512983e-02
-9.564602305971448004e-02
-9.564602285223600120e-02
-9.564602265044186424e-02
-9.564602245148989823e-02
-9.564602225538010316e-02
-9.564602206353356451e-02
-9.564602187452919679e-02
-9.564602168978808550e-02
-9.564602150788914514e-02
-9.564602132883237573e-02
-9.564602115403886273e-02
-9.564602098208752068e-02
-9.564602081439943504e-02
-9.564602064813243487e-02
-9.564602048612869112e-02
-9.564602032838820378e-02
-9.564602017206880191e-02
-9.564602002001265646e-02
-9.564601986937759648e-02
-9.564601972300579291e-02
-9.564601957947616029e-02
-9.564601943878869861e-02
-9.564601930094340787e-02
-9.564601916594028808e-02
-9.564601903520042470e-02
-9.564601890588164679e-02
-9.564601877940503982e-02
-9.564601865577060380e-02
-9.564601853497833872e-02
-9.564601841702824458e-02
-9.564601830049923592e-02
-9.564601818823348367e-02
-9.564601807738881689e-02
-9.564601797080740653e-02
-9.564601786564708163e-02
-9.564601776332892769e-02
-9.564601766243185921e-02
-9.564601756579804714e-02
-9.564601747058532055e-02
-9.564601737679367943e-02
-9.564601728726529473e-02
-9.564601719915799549e-02
-9.564601711389286720e-02
-9.564601703004882438e-02
-9.564601694904695250e-02
-9.564601686946616610e-02
-9.564601679272755064e-02
-9.564601671883110612e-02
-9.564601664635574707e-02
-9.564601657672255897e-02
-9.564601650851045633e-02
-9.564601644314052464e-02
-9.564601637919167842e-02
-9.564601631666391768e-02
-9.564601625697832787e-02
-9.564601620013490901e-02
-9.564601614329149015e-02
-9.564601609071132771e-02
-9.564601603813116526e-02
-9.564601598839317376e-02
-9.564601594007626773e-02
-9.564601589460153264e-02
-9.564601584912679755e-02
-9.564601580791531887e-02
-9.564601576670384020e-02
-9.564601572691344700e-02
-9.564601568996522474e-02
-9.564601565443808795e-02
-9.564601562175312210e-02
-9.564601558906815626e-02
-9.564601555922536136e-02
-9.564601553080365193e-02
-9.564601550380302797e-02
-9.564601547822348948e-02
-9.564601545406503647e-02
-9.564601543132766892e-02
-9.564601541143247232e-02
-9.564601539153727572e-02
-9.564601537448425006e-02
-9.564601535885230987e-02
-9.564601534464145516e-02
-9.564601533043060044e-02
-9.564601531906191667e-02
-9.564601530911431837e-02
-9.564601530058780554e-02
-9.564601529348237818e-02
-9.564601528637695083e-02
-9.564601528211369441e-02
-9.564601527927152347e-02
-9.564601527785043800e-02
-9.564601527642935253e-02
-9.564601527785043800e-02
-9.564601527927152347e-02
-9.564601528211369441e-02
-9.564601528779803630e-02
-9.564601529348237818e-02
-9.564601530058780554e-02
-9.564601530769323290e-02
-9.564601531764083120e-02
-9.564601532900951497e-02
-9.564601534037819874e-02
-9.564601535316796799e-02
-9.564601536737882270e-02
-9.564601538301076289e-02
-9.564601539864270308e-02
-9.564601541711681421e-02
-9.564601543559092534e-02
-9.564601545548612194e-02
-9.564601547538131854e-02
-9.564601549669760061e-02
-9.564601551943496816e-02
-9.564601554359342117e-02
-9.564601556917295966e-02
-9.564601559475249815e-02
-9.564601562175312210e-02
-9.564601564875374606e-02
-9.564601567859654097e-02
-9.564601570843933587e-02
-9.564601573828213077e-02
-9.564601576954601114e-02
-9.564601580223097699e-02
-9.564601583633702830e-02
-9.564601587044307962e-02
-9.564601590597021641e-02
-9.564601594149735320e-02
-9.564601597844557546e-02
-9.564601601681488319e-02
-9.564601605518419092e-02
-9.564601609497458412e-02
-9.564601613476497732e-02
-9.564601617597645600e-02
-9.564601621860902014e-02
-9.564601626124158429e-02
-9.564601630529523391e-02
-9.564601634934888352e-02
-9.564601639340253314e-02
-9.564601644029835370e-02
-9.564601648577308879e-02
-9.564601653408999482e-02
-9.564601658240690085e-02
-9.564601663072380688e-02
-9.564601668046179839e-02
-9.564601673019978989e-02
-9.564601678135886687e-02
-9.564601683251794384e-02
-9.564601688509810629e-02
-9.564601693767826873e-02
-9.564601699167951665e-02
-9.564601704568076457e-02
-9.564601709968201249e-02
-9.564601715510434587e-02
-9.564601721194776474e-02
-9.564601726879118360e-02
-9.564601732563460246e-02
-9.564601738389910679e-02
-9.564601744216361112e-02
-9.564601750184920093e-02
-9.564601756153479073e-02
-9.564601762122038053e-02
-9.564601768232705581e-02
-9.564601774343373108e-02
-9.564601780596149183e-02
-9.564601786848925258e-02
-9.564601793101701332e-02
-9.564601799496585954e-02
-9.564601805891470576e-02
-9.564601812286355198e-02
-9.564601818823348367e-02
-9.564601825360341536e-02
-9.564601832039443252e-02
-9.564601838718544968e-02
-9.564601845397646684e-02
-9.564601852218856948e-02
-9.564601859040067211e-02
-9.564601865861277474e-02
-9.564601872682487738e-02
-9.564601879645806548e-02
-9.564601886609125359e-02
-9.564601893714552716e-02
-9.564601900819980074e-02
-9.564601907925407431e-02
-9.564601915030834789e-02
-9.564601922278370694e-02
-9.564601929525906598e-02
-9.564601936773442503e-02
-9.564601944163086955e-02
-9.564601951552731407e-02
-9.564601958942375859e-02
-9.564601966332020311e-02
-9.564601973863773310e-02
-9.564601981395526309e-02
-9.564601988927279308e-02
-9.564601996601140854e-02
-9.564602004275002400e-02
-9.564602011948863947e-02
-9.564602019622725493e-02
-9.564602027438695586e-02
-9.564602035112557132e-02
-9.564602042928527226e-02
-9.564602050886605866e-02
-9.564602058702575960e-02
-9.564602066660654600e-02
-9.564602074618733241e-02
-9.564602082576811881e-02
-9.564602090534890522e-02
-9.564602098635077709e-02
-9.564602106735264897e-02
-9.564602114835452085e-02
-9.564602122935639272e-02
-9.564602131177935007e-02
-9.564602139278122195e-02
-9.564602147520417930e-02
-9.564602155762713664e-02
-9.564602164147117946e-02
-9.564602172389413681e-02
-9.564602180773817963e-02
-9.564602189158222245e-02
-9.564602197542626527e-02
-9.564602205927030809e-02
-9.564602214453543638e-02
-9.564602222837947920e-02
-9.564602231364460749e-02
-9.564602239890973578e-02
-9.564602248417486408e-02
-9.564602256943999237e-02
-9.564602265612620613e-02
-9.564602274281241989e-02
-9.564602282949863366e-02
-9.564602291618484742e-02
-9.564602300287106118e-02
-9.564602308955727494e-02
-9.564602317766457418e-02
-9.564602326435078794e-02
-9.564602335245808717e-02
-9.564602344056538641e-02
-9.564602352867268564e-02
-9.564602361677998488e-02
-9.564602370630836958e-02
-9.564602379441566882e-02
-9.564602388394405352e-02
-9.564602397347243823e-02
-9.564602406300082293e-02
-9.564602415252920764e-02
-9.564602424205759235e-02
-9.564602433158597705e-02
-9.564602442253544723e-02
-9.564602451348491741e-02
-9.564602460301330211e-02
-9.564602469396277229e-02
-9.564602478491224247e-02
-9.564602487586171264e-02
-9.564602496823226829e-02
-9.564602505918173847e-02
-9.564602515013120865e-02
-9.564602524250176430e-02
-9.564602533487231995e-02
-9.564602542724287559e-02
-9.564602551819234577e-02
-9.564602561198398689e-02
-9.564602570435454254e-02
-9.564602579672509819e-02
-9.564602588909565384e-02
-9.564602598288729496e-02
-9.564602607525785061e-02
-9.564602616904949173e-02
-9.564602626284113285e-02
-9.564602635663277397e-02
-9.564602645042441509e-02
-9.564602654421605621e-02
-9.564602663800769733e-02
-9.564602673179933845e-02
-9.564602682701206504e-02
-9.564602692080370616e-02
-9.564602701601643275e-02
-9.564602710980807387e-02
-9.564602720502080047e-02
-9.564602730023352706e-02
-9.564602739544625365e-02
-9.564602749065898024e-02
-9.564602758587170683e-02
-9.564602768108443342e-02
-9.564602777629716002e-02
-9.564602787150988661e-02
-9.564602796814369867e-02
-9.564602806335642526e-02
-9.564602815999023733e-02
-9.564602825520296392e-02
-9.564602835183677598e-02
-9.564602844847058805e-02
-9.564602854510440011e-02
-9.564602864173821217e-02
-9.564602873695093876e-02
-9.564602883500583630e-02
-9.564602893163964836e-02
-9.564602902827346043e-02
-9.564602912490727249e-02
-9.564602922154108455e-02
-9.564602931959598209e-02
-9.564602941622979415e-02
-9.564602951428469169e-02
-9.564602961091850375e-02
-9.564602970897340128e-02
-9.564602980702829882e-02
-9.564602990366211088e-02
-9.564603000171700842e-02
-9.564603009977190595e-02
-9.564603019782680349e-02
-9.564603029588170102e-02
-9.564603039393659856e-02
-9.564603049199149609e-02
-9.564603059004639363e-02
-9.564603068810129116e-02
-9.564603078615618870e-02
-9.564603088563217170e-02
-9.564603098368706924e-02
-9.564603108174196677e-02
-9.564603118121794978e-02
-9.564603127927284731e-02
-9.564603137874883032e-02
-9.564603147680372786e-02
-9.564603157627971086e-02
-9.564603167575569387e-02
-9.564603177523167687e-02
-9.564603187328657441e-02
-9.564603197276255742e-02
-9.564603207223854042e-02
-9.564603217171452343e-02
-9.564603227119050644e-02
-9.564603237066648944e-02
-9.564603247014247245e-02
-9.564603256961845545e-02
-9.564603266909443846e-02
-9.564603276857042147e-02
-9.564603286804640447e-02
-9.564603296752238748e-02
-9.564603306841945596e-02
-9.564603316789543896e-02
-9.564603326737142197e-02
-9.564603336826849045e-02
-9.564603346774447346e-02
-9.564603356864154193e-02
-9.564603366811752494e-02
-9.564603376759350795e-02
-9.564603386849057642e-02
-9.564603396938764490e-02
-9.564603406886362791e-02
-9.564603416976069639e-02
-9.564603426923667939e-02
-9.564603437013374787e-02
-9.564603447103081635e-02
-9.564603457192788483e-02
-9.564603467140386783e-02
-9.564603477230093631e-02
-9.564603487319800479e-02
-9.564603497409507327e-02
-9.564603507499214174e-02
-9.564603517588921022e-02
-9.564603527678627870e-02
-9.564603537768334718e-02
-9.564603547858041566e-02
-9.564603557947748413e-02
-9.564603568037455261e-02
-9.564603578127162109e-02
-9.564603588216868957e-02
-9.564603598306575805e-02
-9.564603608396282652e-02
-9.564603618485989500e-02
-9.564603628717804895e-02
-9.564603638807511743e-02
-9.564603648897218591e-02
-9.564603658986925439e-02
-9.564603669218740833e-02
-9.564603679308447681e-02
-9.564603689398154529e-02
-9.564603699629969924e-02
-9.564603709719676772e-02
-9.564603719809383620e-02
-9.564603730041199015e-02
-9.564603740130905862e-02
-9.564603750362721257e-02
-9.564603760452428105e-02
-9.564603770542134953e-02
-9.564603780773950348e-02
-9.564603790863657196e-02
-9.564603801095472591e-02
-9.564603811327287985e-02
-9.564603821416994833e-02
-9.564603831648810228e-02
-9.564603841738517076e-02
-9.564603851970332471e-02
-9.564603862060039319e-02
-9.564603872291854714e-02
-9.564603882523670109e-02
-9.564603892613376956e-02
-9.564603902845192351e-02
-9.564603913077007746e-02
-9.564603923308823141e-02
-9.564603933398529989e-02
-9.564603943630345384e-02
-9.564603953862160779e-02
-9.564603964093976174e-02
-9.564603974183683022e-02
-9.564603984415498417e-02
-9.564603994647313812e-02
-9.564604004879129207e-02
-9.564604015110944601e-02
-9.564604025200651449e-02
-9.564604035432466844e-02
-9.564604045664282239e-02
-9.564604055896097634e-02
-9.564604066127913029e-02
-9.564604076359728424e-02
-9.564604086591543819e-02
-9.564604096823359214e-02
-9.564604107055174609e-02
-9.564604117144881457e-02
-9.564604127376696852e-02
-9.564604137608512247e-02
-9.564604147840327641e-02
-9.564604158072143036e-02
-9.564604168303958431e-02
-9.564604178535773826e-02
-9.564604188767589221e-02
-9.564604198999404616e-02
-9.564604209231220011e-02
-9.564604219463035406e-02
-9.564604229694850801e-02
-9.564604239926666196e-02
-9.564604250158481591e-02
-9.564604260390296986e-02
-9.564604270764220928e-02
-9.564604280996036323e-02
-9.564604291227851718e-02
-9.564604301459667113e-02
-9.564604311691482508e-02
-9.564604321923297903e-02
-9.564604332155113298e-02
-9.564604342386928693e-02
-9.564604352618744088e-02
-9.564604362850559482e-02
-9.564604373082374877e-02
-9.564604383456298820e-02
-9.564604393688114214e-02
-9.564604403919929609e-02
-9.564604414151745004e-02
-9.564604424383560399e-02
-9.564604434615375794e-02
-9.564604444847191189e-02
-9.564604455221115131e-02
-9.564604465452930526e-02
-9.564604475684745921e-02
-9.564604485916561316e-02
-9.564604496148376711e-02
-9.564604506380192106e-02
-9.564604516754116048e-02
-9.564604526985931443e-02
-9.564604537217746838e-02
-9.564604547449562233e-02
-9.564604557681377628e-02
-9.564604568055301570e-02
-9.564604578287116965e-02
-9.564604588518932360e-02
-9.564604598750747755e-02
-9.564604608982563150e-02
-9.564604619356487092e-02
-9.564604629588302487e-02
-9.564604639820117882e-02
-9.564604650051933277e-02
-9.564604660425857219e-02
-9.564604670657672614e-02
-9.564604680889488009e-02
-9.564604691121303404e-02
-9.564604701353118799e-02
-9.564604711727042741e-02
-9.564604721958858136e-02
-9.564604732190673531e-02
-9.564604742422488926e-02
-9.564604752796412868e-02
-9.564604763028228263e-02
-9.564604773260043658e-02
-9.564604783491859052e-02
-9.564604793865782995e-02
-9.564604804097598389e-02
-9.564604814329413784e-02
-9.564604824561229179e-02
-9.564604834935153121e-02
-9.564604845166968516e-02
-9.564604855398783911e-02
-9.564604865630599306e-02
-9.564604876004523248e-02
-9.564604886236338643e-02
-9.564604896468154038e-02
-9.564604906699969433e-02
-9.564604917073893375e-02
-9.564604927305708770e-02
-9.564604937537524165e-02
-9.564604947769339560e-02
-9.564604958143263502e-02
-9.564604968375078897e-02
-9.564604978606894292e-02
-9.564604988838709687e-02
-9.564604999212633629e-02
-9.564605009444449024e-02
-9.564605019676264419e-02
-9.564605029908079814e-02
-9.564605040282003756e-02
-9.564605050513819151e-02
-9.564605060745634546e-02
-9.564605070977449941e-02
-9.564605081351373883e-02
-9.564605091583189278e-02
-9.564605101815004673e-02
-9.564605112046820068e-02
-9.564605122420744010e-02
-9.564605132652559405e-02
-9.564605142884374800e-02
-9.564605153116190195e-02
-9.564605163490114137e-02
-9.564605173721929532e-02
-9.564605183953744927e-02
-9.564605194185560322e-02
-9.564605204559484264e-02
-9.564605214791299659e-02
-9.564605225023115054e-02
-9.564605235254930449e-02
-9.564605245486745844e-02
-9.564605255860669786e-02
-9.564605266092485181e-02
-9.564605276324300576e-02
-9.564605286556115971e-02
-9.564605296930039913e-02
-9.564605307161855308e-02
-9.564605317393670703e-02
-9.564605327625486098e-02
-9.564605337857301492e-02
-9.564605348231225435e-02
-9.564605358463040830e-02
-9.564605368694856224e-02
-9.564605378926671619e-02
-9.564605389158487014e-02
-9.564605399532410956e-02
-9.564605409764226351e-02
-9.564605419996041746e-02
-9.564605430227857141e-02
-9.564605440459672536e-02
-9.564605450833596478e-02
-9.564605461065411873e-02
-9.564605471297227268e-02
-9.564605481529042663e-02
-9.564605491760858058e-02
-9.564605502134782000e-02
-9.564605512366597395e-02
-9.564605522598412790e-02
-9.564605532830228185e-02
-9.564605543062043580e-02
-9.564605553293858975e-02
-9.564605563667782917e-02
-9.564605573899598312e-02
-9.564605584131413707e-02
-9.564605594363229102e-02
-9.564605604595044497e-02
-9.564605614826859892e-02
-9.564605625058675287e-02
-9.564605635432599229e-02
-9.564605645664414624e-02
-9.564605655896230019e-02
-9.564605666128045414e-02
-9.564605676359860809e-02
-9.564605686591676204e-02
-9.564605696823491598e-02
-9.564605707055306993e-02
-9.564605717429230936e-02
-9.564605727661046330e-02
-9.564605737892861725e-02
-9.564605748124677120e-02
-9.564605758356492515e-02
-9.564605768588307910e-02
-9.564605778820123305e-02
-9.564605789051938700e-02
-9.564605799283754095e-02
-9.564605809515569490e-02
-9.564605819747384885e-02
-9.564605830121308827e-02
-9.564605840353124222e-02
-9.564605850584939617e-02
-9.564605860816755012e-02
-9.564605871048570407e-02
-9.564605881280385802e-02
-9.564605891512201197e-02
-9.564605901744016592e-02
-9.564605911975831987e-02
-9.564605922207647382e-02
-9.564605932439462777e-02
-9.564605942671278171e-02
-9.564605952903093566e-02
-9.564605963134908961e-02
-9.564605973366724356e-02
-9.564605983598539751e-02
-9.564605993830355146e-02
-9.564606004062170541e-02
-9.564606014293985936e-02
-9.564606024525801331e-02
-9.564606034757616726e-02
-9.564606044989432121e-02
-9.564606055221247516e-02
-9.564606065453062911e-02
-9.564606075684878306e-02
-9.564606085916693701e-02
-9.564606096148509096e-02
-9.564606106380324491e-02
-9.564606116612139886e-02
-9.564606126843955280e-02
-9.564606137075770675e-02
-9.564606147307586070e-02
-9.564606157539401465e-02
-9.564606167771216860e-02
-9.564606178003032255e-02
-9.564606188234847650e-02
-9.564606198466663045e-02
-9.564606208698478440e-02
-9.564606218930293835e-02
-9.564606229162109230e-02
-9.564606239393924625e-02
-9.564606249483631473e-02
-9.564606259715446868e-02
-9.564606269947262263e-02
-9.564606280179077658e-02
-9.564606290410893052e-02
-9.564606300642708447e-02
-9.564606310874523842e-02
-9.564606321106339237e-02
-9.564606331338154632e-02
-9.564606341569970027e-02
-9.564606351659676875e-02
-9.564606361891492270e-02
-9.564606372123307665e-02
-9.564606382355123060e-02
-9.564606392586938455e-02
-9.564606402818753850e-02
-9.564606413050569245e-02
-9.564606423282384640e-02
-9.564606433372091487e-02
-9.564606443603906882e-02
-9.564606453835722277e-02
-9.564606464067537672e-02
-9.564606474299353067e-02
-9.564606484531168462e-02
-9.564606494620875310e-02
-9.564606504852690705e-02
-9.564606515084506100e-02
-9.564606525316321495e-02
-9.564606535548136890e-02
-9.564606545637843737e-02
-9.564606555869659132e-02
-9.564606566101474527e-02
-9.564606576333289922e-02
-9.564606586565105317e-02
-9.564606596654812165e-02
-9.564606606886627560e-02
-9.564606617118442955e-02
-9.564606627350258350e-02
-9.564606637439965198e-02
-9.564606647671780593e-02
-9.564606657903595988e-02
-9.564606668135411383e-02
-9.564606678225118230e-02
-9.564606688456933625e-02
-9.564606698688749020e-02
-9.564606708920564415e-02
-9.564606719010271263e-02
-9.564606729242086658e-02
-9.564606739473902053e-02
-9.564606749563608901e-02
-9.564606759795424296e-02
-9.564606770027239691e-02
-9.564606780259055085e-02
-9.564606790348761933e-02
-9.564606800580577328e-02
-9.564606810812392723e-02
-9.564606820902099571e-02
-9.564606831133914966e-02
-9.564606841365730361e-02
-9.564606851455437209e-02
-9.564606861687252604e-02
-9.564606871919067999e-02
-9.564606882008774846e-02
-9.564606892240590241e-02
-9.564606902472405636e-02
-9.564606912562112484e-02
-9.564606922793927879e-02
-9.564606932883634727e-02
-9.564606943115450122e-02
-9.564606953347265517e-02
-9.564606963436972364e-02
-9.564606973668787759e-02
-9.564606983758494607e-02
-9.564606993990310002e-02
-9.564607004222125397e-02
-9.564607014311832245e-02
-9.564607024543647640e-02
-9.564607034633354488e-02
-9.564607044865169883e-02
-9.564607055096985277e-02
-9.564607065186692125e-02
-9.564607075418507520e-02
-9.564607085508214368e-02
-9.564607095740029763e-02
-9.564607105829736611e-02
-9.564607116061552006e-02
-9.564607126151258853e-02
-9.564607136383074248e-02
-9.564607146614889643e-02
-9.564607156704596491e-02
-9.564607166936411886e-02
-9.564607177026118734e-02
-9.564607187257934129e-02
-9.564607197347640977e-02
-9.564607207579456372e-02
-9.564607217669163219e-02
-9.564607227900978614e-02
-9.564607237990685462e-02
-9.564607248222500857e-02
-2.503267665488806415e-01
-3.545251370411506286e-01
-4.112758416212614065e-01
-4.418421217579293625e-01
-4.591438604094832954e-01
-4.696610140015877732e-01
-4.765428850546982176e-01
-5.656829708513555488e-01
-6.195196850441675451e-01
-6.432783860716995150e-01
-6.507772308538051220e-01
-6.501611411735552792e-01
-6.455072521902138760e-01
-6.388129511037732300e-01
-6.252228692559924639e-01
-6.095175678851205703e-01
-5.931442166399847338e-01
-5.766431737541211078e-01
-5.602732190865822304e-01
-5.441764680909955132e-01
-5.284360140365151892e-01
-5.131012561818693030e-01
-4.982008898437584321e-01
-4.837502950891803266e-01
-4.697560242817644394e-01
-5.549102388386017992e-01
-6.077725628927055368e-01
-6.310571666134023872e-01
-7.970726389629589903e-01
-9.001270891928925266e-01
-9.511195525462312617e-01
-9.744406169488684100e-01
-9.780129289055139452e-01
-9.731508835429281135e-01
-9.642938550427970767e-01
-9.436245412430821489e-01
-1.001380501320170424e+00
-1.029558002841213238e+00
-1.032770772208380095e+00
-1.022876642362291477e+00
-1.006742478483602099e+00
-9.877570293141957336e-01
-9.675547580712873241e-01
-9.417785582115811849e-01
-9.146287029096811239e-01
-8.873197227686091537e-01
-8.602938812884985964e-01
-8.337609155006475703e-01
-8.078361884955143069e-01
-7.825886741017029635e-01
-7.580546542826027689e-01
-9.381417383167445223e-01
-1.048041778392416745e+00
-1.096969435246819558e+00
-1.113777320429676365e+00
-1.115041951898376738e+00
-1.108822295073252917e+00
-1.098952082823245746e+00
-1.074700360942415500e+00
-1.046316012106274229e+00
-1.016658846897655621e+00
-9.867784870621676419e-01
-9.571495712137334522e-01
-9.280265264862919139e-01
-8.995550887178183075e-01
-8.718032842281786543e-01
-8.448398577726834446e-01
-8.186955715871135908e-01
-7.933551999101950969e-01
-7.688387732486035020e-01
-7.451383636279729217e-01
-7.222309767101364741e-01
-7.001199042420580554e-01
-6.787796611334329100e-01
-6.581910211110653108e-01
-6.383390565218860502e-01
-6.191971247730521100e-01
-6.007392481436113485e-01
-5.829543444150431242e-01
-5.658178611270159308e-01
-5.493093126574422058e-01
-5.334085087255857616e-01
-5.180956108020495776e-01
-5.033511721038053111e-01
-4.891578008098917962e-01
-4.754949943233555132e-01
-4.623446845570811092e-01
-4.496892711784994390e-01
-4.375116244119681141e-01
-4.257950886284334047e-01
-4.145234803999642281e-01
-4.036810881686392349e-01
-3.932526678838144107e-01
-3.832200634590776644e-01
-3.735729861389813777e-01
-3.642974445995150745e-01
-3.553799008201963261e-01
-3.468072650846920624e-01
-3.385668839683830811e-01
-3.306465283060333604e-01
-3.230354489105025095e-01
-3.157209816450290418e-01
-3.086921288357302728e-01
-3.019382679838145123e-01
-2.954491393722946668e-01
-2.892148368843550088e-01
-2.832257956853823089e-01
-2.774727845277880078e-01
-2.719468947134373593e-01
-2.666395314392389082e-01
-2.615424037372804378e-01
-2.566475153045644220e-01
-2.519471559565999996e-01
-2.474338920450236401e-01
-2.431005579083489465e-01
-2.389402474548774080e-01
-2.349463058379797076e-01
-2.311123209622678587e-01
-2.274321156122027787e-01
-2.238997398237074776e-01
-2.205094631875681443e-01
-2.172557673631558828e-01
-2.141333389431565593e-01
-2.111370625939912316e-01
-2.082620140953395094e-01
-2.055034537221445134e-01
-2.028568198667812794e-01
-2.003177228914410080e-01
-1.978819389606201185e-01
-1.955454041748794225e-01
-1.933042089149239473e-01
-1.911545923405810754e-01
-1.890929370546245991e-01
-1.871157639371290315e-01
-1.852197271659861144e-01
-1.834016093170021122e-01
-1.816583166856844400e-01
-1.799868747582422657e-01
-1.783844238488541123e-01
-1.768482148548855548e-01
-1.753756051726895748e-01
-1.739640547413046079e-01
-1.726111222268400525e-01
-1.713144613248118731e-01
-1.700718172145343488e-01
-1.688810231172510612e-01
-1.677399969892690024e-01
-1.666467383060421525e-01
-1.655993249741527507e-01
-1.645959103569794024e-01
-1.636347204154731116e-01
-1.627140509370406107e-01
-1.618322648710091016e-01
-1.609877897564615523e-01
-1.601791152509690619e-01
-1.594047907346407555e-01
-1.586634230221761754e-01
-1.579536741346032613e-01
-1.572742591818609981e-01
-1.566239442922778835e-01
-1.560015446472107215e-01
-1.554059225739479189e-01
-1.548359857096670567e-01
-1.542906852463943324e-01
-1.537690142171754815e-01
-1.532700058646696561e-01
-1.527927320736921502e-01
-1.523306345191599576e-01
-1.518866211057456894e-01
-1.514610118618975321e-01
-1.510534101271332474e-01
-1.506632306146116207e-01
-1.502898361479765299e-01
-1.499325813156815457e-01
-1.495873129272240476e-01
-1.492557441437725174e-01
-1.489379808901958313e-01
-1.486336844067182028e-01
-1.483424001833100192e-01
-1.480636435672977314e-01
-1.477969272983159499e-01
-1.475417721422900286e-01
-1.472977114701734536e-01
-2.427755133254549946e-01
-3.079960774059031792e-01
-3.438833577035893541e-01
-3.633056936536149806e-01
-3.742888297708191203e-01
-3.809219119801809939e-01
-3.852138509230940144e-01
-3.822203234648213765e-01
-3.766987886280048770e-01
-3.701544214649743481e-01
-3.631602320155025154e-01
-3.559900972405216635e-01
-3.487887429002967110e-01
-3.416502079403471726e-01
-3.346313199273254213e-01
-3.277673716752360633e-01
-3.210802688784042402e-01
-3.145831991034242492e-01
-3.082835088562774217e-01
-3.021845547991119929e-01
-2.962836848396932510e-01
-2.905817411388511573e-01
-2.850766860845510564e-01
-2.797651083369601110e-01
-2.746428176564563728e-01
-2.697051325242227904e-01
-2.649470597802405791e-01
-2.603634179379810121e-01
-2.559489257819791419e-01
-2.516982676894485849e-01
-2.476061418050790053e-01
-2.436672954360119547e-01
-2.398765515067680099e-01
-2.362288280494340142e-01
-2.327191520109295197e-01
-2.293347876175744204e-01
-2.260762630939439077e-01
-2.229405613832113886e-01
-2.199237564397549249e-01
-2.170217512755812095e-01
-2.142304689868979040e-01
-2.115459138067876665e-01
-2.089641941395825597e-01
-2.064815320238722052e-01
-2.040942667633771634e-01
-2.017988556644922937e-01
-1.995918732248469496e-01
-1.974700094081072166e-01
-1.954300674000819527e-01
-1.934689609669248966e-01
-1.915837116513330329e-01
-1.897714458635846313e-01
-1.880293919100495259e-01
-1.863548769932776850e-01
-1.847453242135088658e-01
-1.831982496014461503e-01
-1.817112591808722755e-01
-1.802820460767406985e-01
-1.789083876886365942e-01
-1.775881429097125874e-01
-1.763192494280474421e-01
-1.750997210834270845e-01
-1.739276452710214471e-01
-1.728011804360107817e-01
-1.717185536264764778e-01
-1.706780581329780944e-01
-1.696780511764472976e-01
-1.687169516813469272e-01
-1.677932380914626265e-01
-1.669054462794861138e-01
-1.660521674949677617e-01
-1.652320463961132191e-01
-1.644437791313180242e-01
-1.636861114874932355e-01
-1.629578370980766522e-01
-1.622577957036241969e-01
-1.615848714763501448e-01
-1.609379914000896861e-01
-1.603161236971573089e-01
-1.597182763191540289e-01
-1.591434954775650112e-01
-1.585908642297795268e-01
-1.580595011063223865e-01
-1.575485587991920511e-01
-1.570572228814626214e-01
-1.565847105837292474e-01
-1.561302696089228448e-01
-1.556931769840730340e-01
-1.552727379575458144e-01
-1.548682849360716318e-01
-1.544791764530373257e-01
-1.541047961850949832e-01
-1.537445519872449040e-01
-1.533978749861830693e-01
-1.530642186793329529e-01
-1.527430580878785804e-01
-1.524338889339560410e-01
-1.521362268434245379e-01
-1.518496065827434904e-01
-1.515735813242713448e-01
-1.513077219343017532e-01
-1.510516162909425475e-01
-1.508048686304164221e-01
-1.505670989075724719e-01
-1.503379421933459525e-01
-1.501170480821656383e-01
-1.499040801292039760e-01
-1.496987153089435196e-01
-1.495006434879542212e-01
-1.493095669289346006e-01
-1.491251997975950871e-01
-1.489472677022263269e-01
-1.487755072432150882e-01
-1.486096655867186200e-01
-1.484495000426022671e-01
-1.482947776693777087e-01
-1.481452748919309670e-01
-1.480007771306190989e-01
-1.478610784474199136e-01
-1.477259812020292884e-01
-1.475952957306958524e-01
-1.474688400207924133e-01
-1.473464394180723502e-01
-1.472279263310838360e-01
-1.471131399483738278e-01
-1.470019259713239990e-01
-1.468941363555131829e-01
-1.467896290606063303e-01
-1.466882678144543206e-01
-1.465899218800359449e-01
-1.464944658351896578e-01
-1.464017793665561840e-01
-1.463117470549946120e-01
-1.462242581865780267e-01
-1.461392065635891413e-01
-1.460564903268846138e-01
-1.459760117711539351e-01
-1.458976771928632843e-01
-1.458213967183041859e-01
-1.457470841572217068e-01
-1.456746568479161397e-01
-1.456040355236609685e-01
-1.455351441677521507e-01
-1.454679098898736811e-01
-1.454022627939366430e-01
-1.453381358629712850e-01
-1.452754648383347558e-01
-1.452141881102875232e-01
-1.451542466128330489e-01
-1.450955837157152928e-01
-1.450381451306270719e-01
-1.449818788188395047e-01
-1.449267348888838569e-01
-1.448726655226550974e-01
-1.448196248830413424e-01
-1.447675690357641543e-01
-1.447164558740610119e-01
-1.446662450405256095e-01
-1.446168978588957543e-01
-1.445683772644201781e-01
-1.445206477413307766e-01
-1.444736752532094215e-01
-1.444274271889867123e-01
-1.443818723032563867e-01
-1.443369806551686452e-01
-1.442927235657975871e-01
-1.442490735541923641e-01
-1.442024925339069341e-01
-1.441552851787264444e-01
-1.441081350023409868e-01
-1.440612618836212278e-01
-1.440147500062494146e-01
-1.439686334109069321e-01
-1.439229237973904674e-01
-1.438776215920256618e-01
-1.438327210848910909e-01
-1.437882130986167795e-01
-1.437440864890504599e-01
-1.437003290376992481e-01
-1.436569279974264646e-01
-1.436138704349332329e-01
-1.435711434552899846e-01
-1.435287343397817494e-01
-1.434866306368576261e-01
-1.434448202246585424e-01
-1.434032913408600507e-01
-1.433620326082518659e-01
-1.433210330432643786e-01
-1.432802820588108261e-01
-1.432397694600240357e-01
-1.431994854485196811e-01
-1.431594206010800008e-01
-1.431195658724959685e-01
-1.430799125785142678e-01
-1.430404523887318646e-01
-1.430011773109640671e-01
-1.429620796855601839e-01
-1.429231521669294125e-01
-1.428843877192775835e-01
-1.428457795995541346e-01
-1.428073213489255977e-01
-1.427690067828280007e-01
-1.427308299767560129e-01
-1.426927852619996884e-01
-1.426548672085914404e-01
-1.426170706224638707e-01
-1.425793905298178288e-01
-1.425418221742802416e-01
-1.425043610041143438e-01
-1.424670026651142507e-01
-1.424297429949206162e-01
-1.423925780102308636e-01
-1.423555039025359292e-01
-1.423185170324359206e-01
-1.422816139211136033e-01
-1.422447912432289741e-01
-1.422080458183927476e-01
-1.421713746140085277e-01
-1.421347747282197815e-01
-1.420982433899098396e-01
-1.420617779558597249e-01
-1.420253758993794690e-01
-1.419890348103081124e-01
-1.419527523864871910e-01
-1.419165264351818223e-01
-1.418803548602909359e-01
-1.418442356637683588e-01
-1.418081669413595591e-01
-1.417721468769173043e-01
-1.417361737409805755e-01
-1.417002458822480548e-01
-1.416643617304202962e-01
-1.416285197890942982e-01
-1.415927186343424182e-01
-1.415569569090280311e-01
-1.415212333242266141e-01
-1.414855466506992343e-01
-1.414498957231558052e-01
-1.414142794317285734e-01
-1.413786967219721191e-01
-1.413431465934422704e-01
-1.413076280940117613e-01
-1.412721403227124028e-01
-1.412366824240507412e-01
-1.412012535851658868e-01
-1.411658530372505993e-01
-1.411304800512880320e-01
-1.410951339380517311e-01
-1.410598140452634652e-01
-1.410245197547510543e-01
-1.409892504838694549e-01
-1.409540056812375042e-01
-1.409187848253168340e-01
-1.408835874286751277e-01
-1.408484130280385216e-01
-1.408132611871337758e-01
-1.407781314995304456e-01
-1.407430235786932826e-01
-1.407079370622454917e-01
-1.406728716148109015e-01
-1.406378269180663665e-01
-1.406028026750050230e-01
-1.405677986085152043e-01
-1.405328144599593543e-01
-1.404978499905951139e-01
-1.404629049744698932e-01
-1.404279792055262988e-01
-1.403930724919177919e-01
-1.403581846545876033e-01
-1.403233155301109036e-01
-1.402884649706948039e-01
-1.402536328356518425e-01
-1.402188190027686687e-01
-1.401840233555162740e-01
-1.401492457929975899e-01
-1.401144862214209752e-01
-1.400797445569423871e-01
-1.400450207285075521e-01
-1.400103146707465385e-01
-1.399756263268159273e-01
-1.399409556498198981e-01
-1.399063025985469721e-01
-1.398716671417332691e-01
-1.398370492495359940e-01
-1.398024489049021213e-01
-1.397678660921997107e-01
-1.397333008057444204e-01
-1.396987530412729939e-01
-1.396642228016276022e-01
-1.396297100967558436e-01
-1.395952149351842309e-01
-1.395607373353868752e-01
-1.395262773186800587e-01
-1.394918349078011488e-01
-1.394574101325929405e-01
-1.394230030243193141e-01
-1.393886136170863210e-01
-1.393542419492632689e-01
-1.393198880606405510e-01
-1.392855519938507314e-01
-1.392512337972107161e-01
-1.392169335147741549e-01
-1.391826511991212101e-01
-1.391483869028320441e-01
-1.391141406770657341e-01
-1.390799125786656987e-01
-1.390457026644753569e-01
-1.390115109927592130e-01
-1.389773376246239422e-01
-1.389431826183340490e-01
-1.389090460378383796e-01
-1.388749279456646946e-01
-1.388408284057618403e-01
-1.388067474820786629e-01
-1.387726852399850941e-01
-1.387386417462721511e-01
-1.387046170663097655e-01
-1.386706112683100400e-01
-1.386366244190639918e-01
-1.386026565853626380e-01
-1.385687078354180812e-01
-1.385347782374424241e-01
-1.385008678596477694e-01
-1.384669767688251341e-01
-1.384331050360287918e-01
-1.383992527280497598e-01
-1.383654199116790551e-01
-1.383316066565498659e-01
-1.382978130308742948e-01
-1.382640391014433590e-01
-1.382302849350480756e-01
-1.381965505984794618e-01
-1.381628361599496202e-01
-1.381291416862495680e-01
-1.380954672413281514e-01
-1.380618128919763876e-01
-1.380281787035642083e-01
-1.379945647400404596e-01
-1.379609710667750733e-01
-1.379273977462958101e-01
-1.378938448439726017e-01
-1.378603124194910379e-01
-1.378268005382210504e-01
-1.377933092584271435e-01
-1.377598386440581635e-01
-1.377263887533786146e-01
-1.376929596474951722e-01
-1.376595513846723406e-01
-1.376261640245957096e-01
-1.375927976241086981e-01
-1.375594522400547248e-01
-1.375261279306982942e-01
-1.374928247500406542e-01
-1.374595427549252236e-01
-1.374262819979321648e-01
-1.373930425359048968e-01
-1.373598244185814110e-01
-1.373266276999629554e-01
-1.372934524326296923e-01
-1.372602986648985279e-01
-1.372271664507707101e-01
-1.371940558371420593e-01
-1.371609668737505672e-01
-1.371278996103342251e-01
-1.370948540909466828e-01
-1.370618303653259318e-01
-1.370288284775256216e-01
-1.369958484758626582e-01
-1.369628904015485205e-01
-1.369299543014790288e-01
-1.368970402154445765e-01
-1.368641481903409840e-01
-1.368312782645375592e-01
-1.367984304806668661e-01
-1.367656048799403834e-01
-1.367328015007274189e-01
-1.367000203828183658e-01
-1.366672615645825317e-01
-1.366345250829681390e-01
-1.366018109763444954e-01
-1.365691192802387377e-01
-1.365364500315990881e-01
-1.365038032645315980e-01
-1.364711790131423186e-01
-1.364385773115373013e-01
-1.364059981924015119e-01
-1.363734416898410018e-01
-1.363409078351196513e-01
-1.363083966580802553e-01
-1.362759081914077797e-01
-1.362434424635239338e-01
-1.362109995028504272e-01
-1.361785793406511402e-01
-1.361461820053477823e-01
-1.361138075210988063e-01
-1.360814559177470073e-01
-1.360491272208719238e-01
-1.360168214560530942e-01
-1.359845386488700569e-01
-1.359522788234812651e-01
-1.359200420040451718e-01
-1.358878282147202299e-01
-1.358556374782438070e-01
-1.358234698159321852e-01
-1.357913252519438174e-01
-1.357592038047528149e-01
-1.357271054985176306e-01
-1.356950303502912902e-01
-1.356629783813900758e-01
-1.356309496117091840e-01
-1.355989440583016403e-01
-1.355669617410626415e-01
-1.355350026770452132e-01
-1.355030668833023810e-01
-1.354711543768871707e-01
-1.354392651748526077e-01
-1.354073992914095470e-01
-1.353755567421899286e-01
-1.353437375428256928e-01
-1.353119417075276942e-01
-1.352801692519278731e-01
-1.352484201859738278e-01
-1.352166945252974983e-01
-1.351849922826886541e-01
-1.351533134695159788e-01
-1.351216580971481562e-01
-1.350900261783749556e-01
-1.350584177231439753e-01
-1.350268327428238990e-01
-1.349952712459412396e-01
-1.349637332452857663e-01
-1.349322187465418210e-01
-1.349007277610780875e-01
-1.348692602974210786e-01
-1.348378163626762216e-01
-1.348063959667911149e-01
-1.347749991140290149e-01
-1.347436258143375198e-01
-1.347122760734009717e-01
-1.346809498969037122e-01
-1.346496472919511689e-01
-1.346183682642276835e-01
-1.345871128194175981e-01
-1.345558809603630834e-01
-1.345246726941695670e-01
-1.344934880251003051e-01
-1.344623269559974688e-01
-1.344311894911243144e-01
-1.344000756333230129e-01
-1.343689853868568207e-01
-1.343379187545679088e-01
-1.343068757378773626e-01
-1.342758563396273530e-01
-1.342448605612389656e-01
-1.342138884041332858e-01
-1.341829398697313991e-01
-1.341520149608754764e-01
-1.341211136761444322e-01
-1.340902360169593521e-01
-1.340593819847413215e-01
-1.340285515766481694e-01
-1.339977447941009814e-01
-1.339669616370997574e-01
-1.339362021028023264e-01
-1.339054661926297740e-01
-1.338747539023188438e-01
-1.338440652332906211e-01
-1.338134001827029351e-01
-1.337827587477136149e-01
-4.348607413902527696e-01
-6.351545108941536455e-01
-7.427806063105890644e-01
-8.001997385051140554e-01
-8.325233516018215596e-01
-8.521220966912324002e-01
-8.649379226341125104e-01
-8.557385195643973930e-01
-8.393136605747031354e-01
-8.200251962165339137e-01
-7.994723697478889335e-01
-7.784165285499966558e-01
-7.572791364651720869e-01
-7.363128113368588856e-01
-7.156752432564417177e-01
-6.954665414212968244e-01
-6.757501225607143169e-01
-6.565652121722109769e-01
-6.379346819940678870e-01
-6.198701346221469066e-01
-6.023752928768999482e-01
-5.854483112429420544e-01
-5.690833837775244319e-01
-5.532718824213134212e-01
-5.380031754611991346e-01
-5.232652274429483441e-01
-5.090450351445952037e-01
-4.953289525218451672e-01
-4.821029390399189651e-01
-4.693527466130831272e-01
-4.570640604967479703e-01
-4.452226061445685446e-01
-4.338142313557113994e-01
-4.228249645777282240e-01
-4.122410640889029310e-01
-4.020490522918862553e-01
-3.922357411312304976e-01
-3.827882505248680900e-01
-3.736940209265071644e-01
-3.649408215963489965e-01
-3.565167554555159768e-01
-3.484102610627815011e-01
-3.406101124909355349e-01
-3.331054175319536625e-01
-3.258856144782384945e-01
-3.189404678835217055e-01
-3.122600635251160384e-01
-3.058348026755197679e-01
-2.996553961310155501e-01
-2.937128578778924748e-01
-2.879984968089388531e-01
-2.825039113545813052e-01
-2.772209809521086754e-01
-2.721418600387437436e-01
-2.672589696672389437e-01
-2.625649908878813221e-01
-2.580528575791163348e-01
-3.722265104869393326e-01
-4.485625343292554135e-01
-4.887709575712051446e-01
-5.089201524398845322e-01
-5.189071512575083034e-01
-5.237363395664829113e-01
-5.258520303343061641e-01
-5.191185236441242523e-01
-5.094252590396308733e-01
-4.986083381680828097e-01
-4.873542652134688069e-01
-4.759891541581851016e-01
-4.646914082570674509e-01
-4.535660328187418600e-01
-4.426768938259328934e-01
-4.320630057833341198e-01
-4.217476305285572380e-01
-4.117437165021442524e-01
-4.020573022501139349e-01
-3.926897204905799299e-01
-3.836390641012599190e-01
-3.749011828816151137e-01
-3.664703742600750047e-01
-3.583398698566497842e-01
-3.505021831571752955e-01
-3.429493609189648851e-01
-3.356731668219481435e-01
-3.286652166224257599e-01
-3.219170781576963236e-01
-3.154203455153492541e-01
-3.091666940662207708e-01
-3.031479211202281476e-01
-2.973559763773891973e-01
-2.917829822493445135e-01
-2.864212498280949148e-01
-2.812632890453414802e-01
-2.763018156102248213e-01
-2.715297546885153679e-01
-2.669402423634892330e-01
-2.625266260793068795e-01
-2.582824627594959566e-01
-2.542015164763711255e-01
-2.502777553928581256e-01
-2.465053481486734199e-01
-2.428786593227982848e-01
-2.393922450664831558e-01
-2.360408484861409306e-01
-2.328193948272883063e-01
-2.297229863557959106e-01
-2.267468974281428018e-01
-2.238865695659342236e-01
-2.211376065176295924e-01
-2.184957692122679873e-01
-2.159569709178299490e-01
-2.135172724905487485e-01
-2.111728777123289547e-01
-2.089201285798480967e-01
-2.067555007997157190e-01
-2.046755993887927616e-01
-2.026771543725658375e-01
-2.007570165972083487e-01
-1.989121536183802164e-01
-1.971396457491891852e-01
-1.954366821706798873e-01
-1.938005571403778049e-01
-1.922286663429417786e-01
-1.907185033473979274e-01
-1.892676561652706368e-01
-1.878738039110317004e-01
-1.865347135719730431e-01
-1.852482368676078295e-01
-1.840123072113897251e-01
-1.828249367719081420e-01
-3.015259292169503169e-01
-3.821917972700816790e-01
-4.261457623343289924e-01
-4.495734089729808147e-01
-5.939014589827706914e-01
-6.893378467310640190e-01
-7.416775896487592945e-01
-7.630218741937255800e-01
-7.702675979132322936e-01
-7.706685067475405049e-01
-7.675322636160331058e-01
-7.543595489991616887e-01
-7.378678725331155874e-01
-7.201464256482381643e-01
-7.019802481835313301e-01
-6.837786729676054165e-01
-6.657605090637730427e-01
-8.141389449292546487e-01
-9.071604321704285212e-01
-1.074151234925579956e+00
-1.170548504883583973e+00
-1.216133583922385242e+00
-1.235255380925082136e+00
-1.241255589590650743e+00
-1.230544677176226287e+00
-1.213753060996225486e+00
-1.186710290023995640e+00
-1.156455638661668672e+00
-1.125183364038662148e+00
-1.093735978358267857e+00
-1.062528595873857284e+00
-1.188404049278801722e+00
-1.260730167494727993e+00
-1.286572922636253224e+00
-1.287951039195434078e+00
-1.277565329381502579e+00
-1.261638722520785905e+00
-1.243135385254845460e+00
-1.213753996904642918e+00
-1.181399489334467034e+00
-1.148331987737094551e+00
-1.115359123438963707e+00
-1.082851659394634680e+00
-1.051003953119789003e+00
-1.019911470237389040e+00
-9.896523573317494993e-01
-9.602612412678013243e-01
-9.317556423752648698e-01
-9.041423931194003671e-01
-8.774211073557580676e-01
-8.515857265877002646e-01
-8.266293901314725190e-01
-8.025325046517650662e-01
-7.792772242964929319e-01
-7.568434553036240686e-01
-7.352095954203718975e-01
-7.143531144336634497e-01
-6.942510041199057014e-01
-6.748801090139977532e-01
-6.562173573598784060e-01
-6.382399219390322287e-01
-6.209253305627271402e-01
-6.042515425875194524e-01
-5.881970001127001524e-01
-5.727406620948727323e-01
-5.578620252649102440e-01
-5.435411363137632179e-01
-5.297585977999119677e-01
-5.164955709616947388e-01
-5.037337688847287609e-01
-4.914554519487523976e-01
-4.796434205957211816e-01
-4.682810080041122092e-01
-4.573520710110301479e-01
-4.468409789410543453e-01
-4.367326040508601182e-01
-4.270123081880683458e-01
-4.176659315049846555e-01
-4.086797816952980611e-01
-4.000406215254770359e-01
-3.917356571605523641e-01
-3.837525263776342399e-01
-3.760792866827955550e-01
-3.687044036581710316e-01
-3.616167395705360832e-01
-3.548055418093554181e-01
-3.482604315678372586e-01
-3.419713928494161337e-01
-3.359287615907646796e-01
-3.301232149183874753e-01
-3.245457606482204937e-01
-3.191877270836585012e-01
-3.140407529059530134e-01
-3.090967773260899776e-01
-3.043435238566871703e-01
-2.997764942548997169e-01
-2.953893844022559279e-01
-2.911755553284933740e-01
-2.871284460496781321e-01
-2.832416763368428292e-01
-2.795090735816074812e-01
-2.759246793075931237e-01
-2.724827486346725891e-01
-2.691777453193822112e-01
-2.660043367214370846e-01
-2.629573879318058971e-01
-2.600319557018337946e-01
-2.572232817399822125e-01
-2.545267866523204248e-01
-2.519380638574375553e-01
-2.494528735766721184e-01
-2.470671370844002013e-01
-2.447769307792668769e-01
-2.425784806803221727e-01
-2.404681571050559796e-01
-2.384424694639619702e-01
-2.364980612426847983e-01
-2.346298289126025338e-01
-2.328305732277158313e-01
-2.310925422492005055e-01
-2.294091466509939892e-01
-2.277758140280639054e-01
-2.261899828951641211e-01
-2.246506335396247778e-01
-2.231582972783030527e-01
-2.217146611968701109e-01
-2.203217301754989421e-01
-2.189810781999312894e-01
-2.176934711997091654e-01
-2.164588219599750119e-01
-2.152763268483681713e-01
-2.141446593583395952e-01
-2.130621520819886427e-01
-2.120269413921960222e-01
-2.110370720743048878e-01
-2.100905682780762618e-01
-2.091854791913760891e-01
-2.083199069659258384e-01
-2.074920226618814922e-01
-2.067000744062852391e-01
-2.059423905691915024e-01
-2.052173798745116073e-01
-2.045235296563419070e-01
-2.038594030636886600e-01
-2.032236357180750019e-01
-2.026149320968784195e-01
-2.020320618768778331e-01
-2.014738563389073533e-01
-2.009392049032499017e-01
-2.004270518327189166e-01
-1.999363930991648886e-01
-1.994662734503549473e-01
-1.990157836516459611e-01
-1.985840579024511499e-01
-1.981702714289212963e-01
-1.977736382201555898e-01
-1.973934089292583849e-01
-1.970288689022936524e-01
-1.966793363337160372e-01
-1.963441605425941816e-01
-1.960227203625208858e-01
-1.957144226309992519e-01
-1.954187007626728700e-01
-1.951350134277163306e-01
-1.948628432941745814e-01
-1.946016958527252427e-01
-1.943510983096530254e-01
-1.941061517456432739e-01
-1.938693517985257131e-01
-1.936411895144374284e-01
-1.934215827560592516e-01
-1.932053373906228444e-01
-1.929954240381448471e-01
-1.927925450772249860e-01
-1.925967435710163045e-01
-1.924078717934207816e-01
-1.922257163641916122e-01
-1.920500397133650949e-01
-1.918805967193293327e-01
-1.917171423897912064e-01
-1.915594357441818829e-01
-1.914072418514933815e-01
-1.912603329174089595e-01
-1.911184888214734201e-01
-1.909751577656493282e-01
-1.908343096005182815e-01
-1.906922290729085034e-01
-1.905523407813802805e-01
-1.904156382508404022e-01
-1.902823888499938221e-01
-1.901526338073722400e-01
-1.900263271693347633e-01
-1.899033840174979559e-01
-1.897837007803104825e-01
-1.896671650925441099e-01
-1.895536610561521229e-01
-1.894430722316542415e-01
-1.893352834002826057e-01
-1.892240575244841239e-01
-1.891133171866954399e-01
-1.890042015119774987e-01
-1.888970391277666749e-01
-1.887919200427745636e-01
-1.886888468277447828e-01
-1.885877841033334334e-01
-1.884886782988814957e-01
-1.883914668070474363e-01
-1.882960827330748543e-01
-1.882024575323271165e-01
-1.881105225550072646e-01
-1.880202099741268285e-01
-1.879314533425713307e-01
-1.878441879341608001e-01
-1.877583509411806517e-01
-1.876738815809630978e-01
-1.875907211456251389e-01
-1.875088130105950768e-01
-1.874281026232438307e-01
-1.873485374616734589e-01
-1.872700670006111068e-01
-1.871926426545655886e-01
-1.871162177195628828e-01
-1.870407473205659699e-01
-1.869661883475259856e-01
-1.868924993971177173e-01
-1.868196407087907573e-01
-1.867475741107682552e-01
-1.866762629603613277e-01
-1.866056720857045548e-01
-1.865357677289125604e-01
-1.864665174991841923e-01
-1.863978903145380173e-01
-1.863298563563375865e-01
-1.862623870138691018e-01
-1.861954548473931936e-01
-1.861290335341436730e-01
-1.860630978271160529e-01
-1.859976235181193260e-01
-1.859325873894590586e-01
-1.858679671855156812e-01
-1.858037415615854115e-01
-1.857398900625639726e-01
-1.856763930774718574e-01
-1.856132318152958760e-01
-1.855503882637776769e-01
-1.854878451666763794e-01
-1.854255859882414370e-01
-1.853635948904752695e-01
-1.853018567018693830e-01
-1.852403568904037456e-01
-1.851790815436515913e-01
-1.851180173417787955e-01
-1.850571515305432513e-01
-1.849964719056629292e-01
-1.849359667872363389e-01
-1.848756250012684177e-01
-1.848154358569331634e-01
-1.847553891295206085e-01
-1.846954750419627089e-01
-1.846327432943439817e-01
-1.845607363904377962e-01
-1.844719079585388499e-01
-1.843603480239153214e-01
-1.842231689010986884e-01
-1.840605262387384755e-01
-1.838748908966181261e-01
-1.836709666321212353e-01
-1.834550354701036667e-01
-1.832336936146816697e-01
-1.830127409007786810e-01
-1.827966242245793183e-01
-1.825883726723986911e-01
-1.823898031588555568e-01
-1.822018123135649148e-01
-1.820246529774749433e-01
-1.818581564890564550e-01
-1.817018959116012411e-01
-1.815552990919400145e-01
-1.814177237292824429e-01
-1.812885054633284199e-01
-1.811669875905863591e-01
-1.810525386034100848e-01
-1.809445618363270114e-01
-1.808425001030400381e-01
-1.807458371885672932e-01
-1.806540974612858008e-01
-1.805668443438435133e-01
-1.804836781914787025e-01
-1.804042338505951193e-01
-1.803281781334931111e-01
-1.802552072902585678e-01
-1.801850445858121930e-01
-1.801174379920666979e-01
-1.800521580364033980e-01
-1.799889957950995267e-01
-1.799277610587068921e-01
-1.798682806310125670e-01
-1.798103967828978966e-01
-1.797539658440427957e-01
-1.796988569040536277e-01
-1.796449506500152893e-01
-1.795921382992560211e-01
-1.795403206301671162e-01
-1.794894071082353548e-01
-1.794393150859718844e-01
-1.793899690881062270e-01
-1.793413001522026207e-01
-1.792932452346462924e-01
-1.792457466805785771e-01
-1.791987517279380882e-01
-1.791522120711874777e-01
-1.791060834619884190e-01
-1.790603253411404694e-01
-1.790149005159946682e-01
-1.789697748577623315e-01
-1.789249170272455558e-01
-1.788802982417792009e-01
-1.788358920350674452e-01
-1.787916740724426745e-01
-1.787476219504924302e-01
-1.787037150421610932e-01
-1.786599343375883109e-01
-1.786162623133691341e-01
-1.785726827961298113e-01
-1.785291808587885498e-01
-1.784857427111319339e-01
-1.784423556074443695e-01
-1.783990077598218704e-01
-1.783556882571701863e-01
-1.783123869998348709e-01
-1.782690946257048381e-01
-1.782258024604743696e-01
-1.781825024565364401e-01
-1.781391871432447260e-01
-1.780958495871232117e-01
-1.780524833478125402e-01
-1.780090824340163635e-01
-1.779656412836061463e-01
-1.779221547138831738e-01
-1.778786179102098686e-01
-1.778350263862193970e-01
-1.777913759653415582e-01
-1.777476627623286731e-01
-1.777038831534127894e-01
-1.776600337663580831e-01
-1.776161114577234912e-01
-1.775721133014940278e-01
-1.775280365706066732e-01
-1.774838787241606042e-01
-1.774396373988906817e-01
-1.773953103949565957e-01
-1.773508956659952673e-01
-1.773063913091732502e-01
-1.772617955566602177e-01
-1.772171067699446212e-01
-1.771723234284650061e-01
-1.771274441225045848e-01
-1.770824675546123217e-01
-1.770373925197077369e-01
-1.769922179121863337e-01
-1.769469427159719999e-01
-1.769015660002537516e-01
-1.768560869109592204e-01
-1.768105046750179099e-01
-1.767648185904135971e-01
-1.767190280247632472e-01
-1.766731324124748426e-01
-1.766271312476419553e-01
-1.765810240883070037e-01
-1.765348105479347396e-01
-1.764884902925700771e-01
-1.764420630436802639e-01
-1.763955285696283681e-01
-1.763488866899365348e-01
-1.763021372681805587e-01
-1.762552802148320552e-01
-1.762083154773108618e-01
-1.761612430485115510e-01
-1.761140629568558325e-01
-1.760667752733979796e-01
-1.760193800990350610e-01
-1.759718775730334528e-01
-1.759242678659234116e-01
-1.758765511851834162e-01
-1.758287277638714841e-01
-1.757807978677305982e-01
-1.757327617923465368e-01
-1.756846198588846164e-01
-1.756363724169318630e-01
-1.755880198430759265e-01
-1.755395625366418244e-01
-1.754910009239551982e-01
-1.754423354540790569e-01
-1.753935665959716061e-01
-1.753446948427495045e-01
-1.752957207088456926e-01
-1.752466447257461368e-01
-1.751974674490952566e-01
-1.751481894501694114e-01
-1.750988113187190720e-01
-1.750493336615477347e-01
-1.749997571053540923e-01
-1.749500822896266072e-01
-1.749003098709067672e-01
-1.748504405227890857e-01
-1.748004749288156745e-01
-1.747504137910027566e-01
-1.747002578227352387e-01
-1.746500077516088822e-01
-1.745996643151670469e-01
-1.745492282637428616e-01
-1.744987003618803101e-01
-1.744480813826498888e-01
-1.743973721090696927e-01
-1.743465733355265002e-01
-1.742956858663546882e-01
-1.742447105144151465e-01
-1.741936480996741921e-01
-1.741424994534668258e-01
-1.740912654113913050e-01
-1.740399468189934851e-01
-1.739885445260824781e-01
-1.739370593924149944e-01
-1.738854922820110005e-01
-1.738338440631537196e-01
-1.737821156140739731e-01
-1.737303078158447533e-01
-1.736784215523812236e-01
-1.736264577147039745e-01
-1.735744171980968531e-01
-1.735223009021069629e-01
-1.734701097248603219e-01
-1.734178445758516318e-01
-1.733655063588912526e-01
-1.733130959891582279e-01
-1.732606143761472595e-01
-1.732080624364584764e-01
-1.731554410881130934e-01
-1.731027512462901541e-01
-1.730499938346952149e-01
-1.729971697699284050e-01
-1.729442799771163664e-01
-1.728913253757013990e-01
-1.728383068879679740e-01
-1.727852254376216479e-01
-1.727320819455258061e-01
-1.726788773325438342e-01
-1.726256125209602033e-01
-1.725722884302172133e-01
-1.725189059783360790e-01
-1.724654660847591003e-01
-1.724119696646653210e-01
-1.723584176332337847e-01
-1.723048109042224496e-01
-1.722511503885471029e-01
-1.721974369942813610e-01
-1.721436716280777546e-01
-1.720898551937466436e-01
-1.720359885922562171e-01
-1.719820727217324929e-01
-1.719281084760382328e-01
-1.718740967490361982e-01
-1.718200384303258943e-01
-1.717659344024013990e-01
-1.717117855477567900e-01
-1.716575927460439743e-01
-1.716033568712305168e-01
-2.780197661834904466e-01
-3.509681980702339388e-01
-3.912189682395705859e-01
-4.130594960088274092e-01
-4.254418623418132483e-01
-4.329381930546105650e-01
-4.377988109879993317e-01
-4.345405415946856920e-01
-5.230589807837304761e-01
-5.800156245655330167e-01
-6.075726407615889002e-01
-6.188423392174513538e-01
-6.218715645957217930e-01
-6.207466460779187400e-01
-6.174789896235211017e-01
-6.071801734265136474e-01
-5.945931217951283543e-01
-5.812072294361314562e-01
-5.675845445537675005e-01
-7.133192041322899968e-01
-8.065918443051600661e-01
-8.515153826166965700e-01
-8.701203923337175183e-01
-9.789143097890473655e-01
-1.046071176503460265e+00
-1.078548054488237540e+00
-1.082576939771229263e+00
-1.074605687901453166e+00
-1.061141748283489505e+00
-1.045042255796602149e+00
-1.119976639557762610e+00
-1.159033480227833479e+00
-1.167713655266311434e+00
-1.160326926019195071e+00
-1.145211324930528463e+00
-1.126502655600347680e+00
-1.106208772579009292e+00
-1.079129217178831368e+00
-1.050290152711852443e+00
-1.021174797247681454e+00
-9.923246374043515061e-01
-9.639929568990623920e-01
-9.363144853580251947e-01
-9.093642156784653707e-01
-8.831831078467189400e-01
-8.577912447250923833e-01
-8.331952993472668823e-01
-8.093880722668700400e-01
-7.863504855308178776e-01
-7.640577210466403812e-01
-7.424851952080757655e-01
-7.216117381418030163e-01
-7.014201496005512126e-01
-6.818963001464339868e-01
-6.630290276362416080e-01
-6.448091413673751049e-01
-6.272141175529100110e-01
-6.102353961438211627e-01
-5.938769481190320221e-01
-5.781232066993879926e-01
-5.629571043670011932e-01
-5.483606110772143438e-01
-5.343151961952230522e-01
-5.208063856002809189e-01
-5.078151468282499081e-01
-4.953181381921467619e-01
-4.832977402386973154e-01
-4.717367777857361943e-01
-4.606185555616093552e-01
-4.499268804480038852e-01
-4.396460722830397572e-01
-4.297507402995393022e-01
-4.202384001473546959e-01
-4.110945644399066623e-01
-4.023052715069752594e-01
-3.938570849783218364e-01
-3.857370730244724655e-01
-3.779327877211358100e-01
-3.704332133068533039e-01
-3.632179246650935056e-01
-3.562701554571390261e-01
-3.495749845441764592e-01
-3.431203232565849248e-01
-3.368968168643959871e-01
-3.308971849975250734e-01
-3.251161068646979402e-01
-3.195450367982743956e-01
-3.141859683964298711e-01
-3.090348573891787964e-01
-3.040868548325192933e-01
-2.993362975772129175e-01
-2.947768890877000558e-01
-2.904019328923368448e-01
-2.862061041511765325e-01
-2.821806965684459101e-01
-2.783189282951070709e-01
-2.746141780917810138e-01
-2.710600276856212076e-01
-2.676502853645956748e-01
-2.643789973333809940e-01
-2.612404501689979952e-01
-2.582291677811099362e-01
-2.553399049517679487e-01
-2.525676395649156802e-01
-2.499075638240810804e-01
-2.473550751687980664e-01
-2.449057671910281897e-01
-2.425554205160551646e-01
-2.402999942717087833e-01
-2.381356178958071723e-01
-2.360585833017125879e-01
-2.340653374858447933e-01
-2.321524753639891969e-01
-2.303167330623523412e-01
-2.285549816136267509e-01
-2.268642209799054399e-01
-2.252397637363401373e-01
-2.236749518729652664e-01
-2.221626925006603415e-01
-2.206971026396331581e-01
-2.192742789659973823e-01
-2.178922299009400376e-01
-2.165503785377609347e-01
-2.152495188539660376e-01
-2.139914127965880652e-01
-2.127780081011110269e-01
-2.116107671298550486e-01
-2.104903517562206616e-01
-2.094166131328734082e-01
-2.083887407238194101e-01
-2.074054544095815800e-01
-2.064651785616433699e-01
-2.055661769801986338e-01
-2.047066482575132795e-01
-2.038830798682056411e-01
-2.030956831859498379e-01
-2.023427132684219032e-01
-2.016225005462501940e-01
-2.009334587498301516e-01
-2.002740853782825070e-01
-1.996429595862991846e-01
-1.990393649009547516e-01
-1.984593856491301267e-01
-1.978977120074887353e-01
-1.973486080842690171e-01
-1.968076614019764747e-01
-1.962725545041621444e-01
-1.957429338006022590e-01
-1.952198373317060032e-01
-1.947056047882256280e-01
-1.942034324386554545e-01
-1.937165645287564075e-01
-1.932476246224723582e-01
-1.927983245010977953e-01
-1.923694843597445470e-01
-1.919612081508148549e-01
-1.915730941448146041e-01
-1.912044200366835867e-01
-1.908542834641480113e-01
-1.905216995155001314e-01
-1.902056640190608050e-01
-1.899051922407579696e-01
-1.896193409123725360e-01
-1.893472194950618359e-01
-1.890879947225698743e-01
-1.888408910829753040e-01
-1.886051890039652790e-01
-1.883769738341811717e-01
-1.881577534206257951e-01
-1.879476117153444648e-01
-1.877462456832290627e-01
-1.875532630606357998e-01
-1.873682585625147112e-01
-1.871908368414665347e-01
-1.870206200962343246e-01
-1.868536898143702274e-01
-1.866920534283167399e-01
-1.865361166508705537e-01
-1.863858305057419784e-01
-1.862410226479482844e-01
-1.861014840599750642e-01
-1.859669966918886530e-01
-1.858373439176830288e-01
-1.857123149093808934e-01
-1.855917065256562637e-01
-1.854753240692730287e-01
-1.853575781765925967e-01
-1.852418374838293857e-01
-1.851290273393146890e-01
-1.850193657091381283e-01
-1.849088755790262439e-01
-1.848001254842301933e-01
-1.846938375379636454e-01
-1.845901911011083030e-01
-1.844892030760547641e-01
-1.843908302376462416e-01
-1.842950035609192128e-01
-1.841977884311063463e-01
-1.841016376644688535e-01
-1.840072473612508475e-01
-1.839148018163427878e-01
-1.838243344636225629e-01
-1.837358235775354842e-01
-1.836492237657694204e-01
-1.835644786225998359e-01
-1.834815266207101558e-01
-1.834003041679466151e-01
-1.833207473197262516e-01
-1.832427927510593690e-01
-1.831663783491421782e-01
-1.830914435558383957e-01
-1.830179295566836117e-01
-1.829457793931510423e-01
-1.828730741365802714e-01
-1.828019056688390265e-01
-1.827321837623685497e-01
-1.826638224002863353e-01
-1.825967426540842098e-01
-1.825308720668772366e-01
-1.824661439158603571e-01
-1.824031942888382218e-01
-1.823411793111517909e-01
-1.822800577926386723e-01
-1.822177796185542320e-01
-1.821499496415412978e-01
-1.820715192735633536e-01
-1.819786271539669542e-01
-1.818694862734560047e-01
-1.817443408839380936e-01
-1.816049362616922735e-01
-1.814544975232479374e-01
-1.812972928888711976e-01
-1.811377528326829633e-01
-1.809797031654625243e-01
-1.808259970729864108e-01
-1.806784940484362778e-01
-1.805382231054863951e-01
-1.804055985900276937e-01
-1.802806183420102570e-01
-1.801630191962999561e-01
-1.800523884810445452e-01
-1.799482392357276694e-01
-1.798500585550755204e-01
-1.797573372869010200e-01
-1.796695872954501283e-01
-1.795863506885098104e-01
-1.795072040124523483e-01
-1.794317593649452647e-01
-1.793596636758820750e-01
-1.792905969892899520e-01
-1.792242702038038260e-01
-1.791604226212939466e-01
-1.790988194542819656e-01
-1.790392494086745501e-01
-1.789815224100266278e-01
-1.789254674889662056e-01
-1.788709308357283589e-01
-1.788177740465357601e-01
-1.787658725135088389e-01
-1.787151139879483708e-01
-1.786653972899898690e-01
-1.786166311362080705e-01
-1.785687331093299690e-01
-1.785216287174762329e-01
-1.784752505727738026e-01
-1.784295376381805909e-01
-1.783844345681018240e-01
-1.783398911200606562e-01
-1.782958616189489476e-01
-1.782523044866479722e-01
-1.782091818284925466e-01
-1.781664590453146957e-01
-1.781241045080150798e-01
-1.780820892548717893e-01
-1.780403867215341052e-01
-1.779989725037012249e-01
-2.924236159856263839e-01
-3.709670697560341068e-01
-4.143780815851982879e-01
-4.379994231186401521e-01
-4.514510060289467219e-01
-4.596468938004250049e-01
-4.650060372583197932e-01
-4.616469705581494054e-01
-4.552314489814079934e-01
-4.475716709691823780e-01
-4.393505328451396963e-01
-4.309051135621189133e-01
-4.224179645049730425e-01
-4.139979986433672821e-01
-4.057127960948037071e-01
-3.976049298515249575e-01
-3.897010886319662859e-01
-3.820193449556086307e-01
-3.745668231587728769e-01
-3.673479979923399696e-01
-3.603640023357002065e-01
-3.536136251881316639e-01
-3.470940062939575910e-01
-3.408011261939236647e-01
-3.347301569803562415e-01
-3.288757165250899561e-01
-3.232320547311928749e-01
-3.177931911210407634e-01
-3.125530171857349160e-01
-3.075053728181842416e-01
-3.026441035189009199e-01
-2.979631033070972990e-01
-2.934563470105899796e-01
-2.891179124574705384e-01
-2.849419992486446063e-01
-2.809229401833590600e-01
-2.770552103896761764e-01
-2.733334330059733475e-01
-2.697523823357528272e-01
-2.663069858655831013e-01
-2.629902386416915760e-01
-2.597998189912686939e-01
-2.567310564145941498e-01
-2.537794349976252306e-01
-2.509405937644260121e-01
-2.482103225304399530e-01
-2.455845575752846344e-01
-2.430601078856398090e-01
-2.406302350834721437e-01
-2.382937802593687593e-01
-2.360471831863719672e-01
-2.338870117483793365e-01
-2.318099611940738214e-01
-2.298128495169748930e-01
-2.278926128681746377e-01
-2.260470482923437885e-01
-2.242724621240199667e-01
-2.225661344127161101e-01
-2.209254457525844373e-01
-2.193478724791475543e-01
-2.178309834306446646e-01
-2.163724368131170195e-01
-2.149699771635482648e-01
-2.136214324224283700e-01
-2.123247111072146254e-01
-2.110777995454782285e-01
-2.098787591918949147e-01
-2.087257240162898597e-01
-2.076168979741055409e-01
-2.065473575214582524e-01
-2.055084828370468131e-01
-2.044906326858608736e-01
-2.034861026260159633e-01
-2.024905814693056527e-01
-2.015031099020347938e-01
-2.005252368476817537e-01
-1.995608655619207639e-01
-1.986155122494892566e-01
-1.976949552172868607e-01
-1.968040788469238578e-01
-1.959463184064702546e-01
-1.951236239278841822e-01
-1.943367015599051228e-01
-1.935853364102513297e-01
-1.928686913373667267e-01
-1.921855432968300192e-01
-1.915344542268826444e-01
-1.909138874168547773e-01
-1.903222831202810994e-01
-1.897581055857244792e-01
-1.892198708432601961e-01
-1.887061619044061445e-01
-1.882156359584996608e-01
